hsa04723
57084
246213
57030
2890
2891
2892
2893
775
776
778
779
2911
2915
2776
23236
5330
5331
5332
3708
3709
3710
222236
5578
5579
5582
747
221955
5743
57406
2166
1268
2770
2773
2771
2775
2782
2783
2784
59345
10681
54331
2785
2786
2787
2788
94235
2790
2791
55970
51764
2792
2793
3760
3763
3765
3762
773
774
5594
5595
5599
5602
5601
5600
6300
5603
1432
107
108
109
196883
111
112
113
114
115
5566
5567
5568
11343
140679
22999
2554
2555
2556
2557
2558
2559
2560
2562
2561
2565
2566
2567
2563
2564
55879
2568
2569
2570
200959
