hsa04360
22854
84628
57689
64101
9423
4917
59277
1630
5335
5336
7220
7222
7223
7224
7225
5530
5532
5533
5534
5535
4773
4775
4776
5747
2534
6714
5879
5880
5881
998
3983
22885
84448
4690
5058
5062
5063
10298
56924
106821730
57144
387
6093
9475
90249
219699
8633
137970
5781
1942
1943
1944
1945
1946
1947
1948
1949
2041
1969
2042
2043
2044
285220
2045
2046
2047
2048
2049
2050
2051
25
55740
5921
25791
3265
3845
4893
5594
5595
8440
5998
6387
7852
2770
2773
2771
6585
9353
6586
6091
6092
64221
23380
57522
9901
10371
7869
10512
223117
9723
6405
56920
5362
55558
5361
91584
8829
3897
3984
3985
1072
1073
29984
27289
2242
56896
1808
1020
2932
10505
10507
10509
54910
57715
64218
9037
54437
57556
10501
10500
80031
5364
23654
5365
4233
23365
5894
6237
8482
10154
3688
6469
5727
6608
5578
3611
91653
7474
81029
7976
6259
815
817
816
818
54361
5290
5293
5291
5294
5295
23533
5296
8503
5163
2151
50855
84552
84612
54434
54961
85464
655
151449
659
658
