hsa04725
1103
43
6572
1128
1131
1133
2776
2767
23236
5330
5331
5332
3708
3709
3710
5578
5579
5582
3784
3785
3786
9132
56479
3759
3768
3761
3770
1129
1132
2770
2773
2771
2775
2782
2783
2784
59345
10681
54331
2785
2786
2787
2788
94235
2790
2791
55970
51764
2792
2793
3760
3763
3265
3845
4893
5604
5594
5595
2353
1139
1137
1141
1136
1143
8973
107
108
109
196883
111
112
113
114
115
5566
5567
5568
1385
468
10488
90993
64764
84699
148327
9586
815
817
816
818
814
3717
2534
5290
5293
5291
5294
5295
23533
5296
8503
207
208
10000
596
773
774
775
776
778
779
60482
