hsa05166
7040
7042
7043
6513
8829
7412
915
916
917
3383
3683
3689
7094
83660
4609
8295
10524
894
8498
5901
7514
3105
3106
3107
3134
3135
3133
811
5530
5532
5533
5534
5535
4772
4773
4775
4776
821
3560
3561
3716
3718
6776
6777
2224
3265
3845
4893
6237
22800
22808
7416
291
292
293
83447
7417
7419
706
55697
5902
4085
701
9184
991
64682
29882
996
29945
51433
8881
51434
8697
10393
51529
246184
9232
10744
1026
5111
5424
5425
10714
57804
5426
5427
54107
56655
595
896
1019
5925
1869
1870
1871
1029
1030
7471
7472
7482
7473
89780
54361
7474
81029
7475
7476
7477
7478
7479
7483
7484
7480
80326
7481
51384
8321
8324
2535
7976
8322
7855
8325
8323
11211
8326
1857
1856
1855
2932
1499
324
10297
1739
5154
5155
5156
5159
5295
23533
5296
8503
5290
5293
5291
5294
207
208
10000
7124
7132
4214
6416
3725
2874
3554
7850
4215
1147
3551
8517
4792
4790
5970
4055
958
115650
9020
5971
4791
3558
3559
3600
3601
3569
1437
4049
598
331
7538
4801
3108
3109
3111
3112
3113
3115
3117
3118
3119
3122
3123
3125
3126
3127
6722
2005
2002
6688
2113
2114
387332
9519
6908
2353
1958
1959
8061
107
108
109
196883
111
112
113
114
115
5566
5567
5568
1385
1390
466
1386
467
468
7494
23373
200186
64784
1387
2033
8850
2648
6929
5423
1031
3932
7015
4602
4603
4605
7046
7048
4087
4088
4089
472
545
1111
11200
7157
581
94241
4487
4488
5599
9133
