hsa04151
1950
2246
2247
2248
2249
8822
2251
2252
2253
2254
2255
2256
2257
2258
2259
8823
2250
8817
9965
26281
26291
27006
8074
4803
3630
3479
5154
5155
56034
80310
1435
4254
7422
7423
5228
7424
2277
3082
284
285
51378
1942
1943
1944
1945
1946
1956
2260
2263
2261
2264
4804
3643
3480
5156
5159
1436
3815
2321
2324
3791
4233
7010
1969
2885
6654
6655
3265
3845
4893
5894
5604
5605
5594
5595
3667
7097
7099
5879
102723407
6850
930
118788
2688
2689
1442
1443
5617
5008
3558
3562
3569
3565
3574
3439
3440
3441
3442
3443
3444
3445
3446
3447
3448
3449
3451
3452
3456
2056
1440
2690
5618
9180
3559
3560
3561
3563
3570
3566
3575
3454
3455
2057
1441
3716
3717
3718
1277
1278
1280
1284
1286
1288
1282
1287
1285
1291
1292
1293
131873
256076
1297
1298
1299
284217
3908
3909
3911
3910
3912
3913
3914
22798
3915
3918
10319
1101
5649
7057
1311
7058
7059
7060
2335
6696
7448
3371
63923
7143
7148
7450
3381
3672
3673
3674
3675
3676
3678
3655
3679
8516
3680
8515
22801
3685
3688
3690
3691
3693
3694
3695
3696
5747
2149
1128
1129
1902
9170
23566
2846
57121
10161
2782
2783
2784
59345
10681
54331
2785
2786
2787
2788
94235
2790
2791
55970
51764
2792
2793
5170
6794
5562
5563
54541
7248
7249
6009
64223
2475
57521
1978
1977
9470
253314
6198
6199
1975
6194
5578
5585
29941
5586
6446
10110
23678
100533105
207
208
10000
5728
117145
5515
5516
5519
5518
5520
5521
5522
55844
28227
55012
5523
5526
5527
5528
5529
5525
3320
3326
7184
11140
200186
23239
23035
8115
9623
4515
4846
672
2932
2998
2997
5105
5106
2538
57818
92579
4609
595
1026
1027
1017
1019
1021
894
896
898
9134
2309
5934
356
10018
7534
7529
10971
7531
7533
7532
572
598
596
842
1385
1386
468
10488
90993
64764
84699
148327
9586
1388
4170
6256
3164
8517
1147
3551
5970
4790
4602
4193
7157
5290
5293
5291
5294
5295
23533
5296
8503
