hsa04068
7040
7042
7043
7046
7048
4089
4087
4088
6794
5562
5563
5564
5565
5571
53632
51422
51701
6502
4193
80854
1387
2033
23411
7874
6517
5599
5602
5601
6789
3479
3480
3630
3643
3667
8660
8471
5290
5293
5291
5294
5295
23533
5296
8503
5170
1147
3551
5728
207
208
10000
6446
10110
23678
100533105
2308
2309
4303
100132074
2911
9456
9455
9454
116986
1454
102800317
3569
3586
6774
1950
1956
2885
6654
6655
3265
3845
4893
673
5894
369
5604
5605
5594
5595
5600
6300
5603
1432
1017
3276
2290
891
9133
85417
595
894
901
1030
1032
1026
1027
5934
5347
10769
1263
10733
1647
4616
10912
356
10018
8743
604
664
9140
11337
23710
11345
847
6648
472
5105
5106
2538
57818
92579
3575
10365
1901
8698
5896
5897
26260
114907
