hsa05205
960
6714
2017
3059
2064
2885
3265
3845
4893
6237
22800
22808
673
5894
369
5604
5605
5594
5595
5879
8826
998
2002
2099
595
60
71
2316
2318
2317
5058
7074
9138
387
6093
9475
286
287
288
2549
5290
5293
5291
5294
5295
23533
5296
8503
207
208
10000
6548
5499
5500
5501
4659
4660
54776
23365
51196
3708
3709
3710
815
817
816
818
79923
1655
29102
6774
406991
7291
117581
406902
406903
3236
1634
3479
3480
2475
5170
6198
6199
1975
6194
1956
857
858
859
967
1026
836
7040
7097
7099
27250
7124
3593
2065
2066
4609
1499
3091
7023
7422
3791
4233
23624
867
868
7078
7057
4313
4318
4060
356
355
4193
7157
7042
10855
60495
6382
5328
5329
3673
3688
7448
3685
3690
2335
3693
3082
7471
8321
8324
2535
7976
8322
7855
8325
8323
11211
8326
3678
6383
7430
5962
4478
6385
2247
2260
10818
5781
6654
6655
5335
5336
5578
5579
5582
84309
5829
5747
1839
2817
3481
2719
7472
7482
7473
89780
54361
7474
81029
7475
7476
7477
7478
7479
7483
7484
7480
80326
7481
51384
6469
3549
5727
6608
3339
1514
5566
5567
5568
5600
6300
5603
1432
3316
5777
4087
7410
81578
