hsa04060
2919
2920
2921
6374
6372
5473
3576
4283
3627
6373
6387
10563
58191
5196
5197
9547
6375
6846
6376
6346
6358
6360
6361
6362
6367
6369
10344
6364
6370
6363
6366
6347
6351
9560
388372
6348
6349
414062
6357
6354
6352
6359
6368
6355
6356
56477
10850
3569
3589
5008
3976
1270
23529
1489
1440
3952
3565
3596
3592
3593
51561
1437
3562
3567
3558
3574
3578
3600
59067
85480
2056
2688
2689
5617
7066
56034
5154
5155
7422
7423
7424
2277
3082
1950
1435
4254
2323
3439
3440
3441
3442
3443
3444
3445
3446
3447
3448
3449
3451
3452
3456
3467
56832
338376
3458
3586
29949
50604
11009
50616
282616
282617
282618
55801
9966
8743
8600
8742
7124
4049
4050
8740
356
959
970
944
8744
7292
8995
8741
10673
1896
7040
7042
7043
3624
3625
3626
83729
268
650
655
8200
3605
27190
64806
3552
3553
3606
3579
3577
2833
7852
643
10663
57007
2829
1524
1237
1235
10803
1233
1236
729230
1234
1230
1232
2826
3570
3572
3590
3977
9180
1271
1441
3953
3566
3597
3594
3595
149233
1438
1439
3563
3568
3559
3560
3561
3575
3581
3601
50615
64109
2057
2690
5618
4352
5156
5159
2321
3791
2324
4233
1956
1436
3815
2322
3454
3455
3459
3460
3587
3588
53832
53833
58985
116379
163702
8797
8795
8794
8793
4982
8792
8718
51330
27242
4804
7133
7132
4055
8764
8771
355
958
939
943
3604
7293
8784
608
23495
115650
10913
60401
55504
84957
7048
7046
92
93
90
91
269
659
657
658
23765
55540
3554
3556
7850
8809
8807
80301
