hsa04933
7042
7043
7040
7046
7048
4087
4088
4089
1027
2335
1277
1278
1281
1284
1286
1288
1282
1287
1285
185
177
50508
27035
1536
5333
113026
84812
23236
5330
5331
5332
5335
5336
51196
5578
5579
5580
5581
5590
5594
5595
3725
7422
7423
7424
2277
6347
5054
6401
7412
3383
4313
3552
3553
3569
3576
7124
2152
1906
7056
5600
6300
5603
1432
5970
4790
5599
5602
5601
1729
5879
998
3265
3845
4893
5290
5293
5291
5294
5295
23533
5296
8503
207
208
10000
4846
2308
596
581
836
3717
6774
5292
4772
6772
6776
6777
595
1019
1958
