hsa04931
3630
6197
6195
6196
27330
5499
5500
5501
5506
5507
5509
79660
90673
3643
3667
5770
5781
5792
5290
5293
5291
5294
5295
23533
5296
8503
2475
6198
6199
5579
3569
6774
9021
2932
2998
2997
7124
7132
5599
5602
5601
3551
4792
4790
5970
4846
5590
9882
6517
5562
5563
5564
5565
5571
53632
51422
32
1375
376497
10999
11001
11000
10998
28965
948
5588
5580
5524
6720
8660
57761
5836
5837
5834
2308
5105
5106
2538
57818
92579
6514
10062
7376
133522
6945
22877
51085
1374
5581
10891
5465
5170
207
208
10000
5728
10724
8473
6513
9945
2673
200186
1385
10488
90993
64764
84699
148327
9586
