hsa04062
2919
2920
2921
6374
6372
5473
3576
4283
3627
6373
6387
10563
58191
5196
5197
9547
6375
6846
6376
6347
6348
6349
414062
6351
9560
388372
6352
6354
6355
6356
6357
6359
6368
6363
6364
6366
6370
10850
56477
6346
6358
6360
6361
6362
6367
6369
10344
3579
3577
2833
7852
643
10663
2829
1524
1237
1235
10803
1233
1236
729230
1234
1230
1232
2826
3717
3718
6772
6773
6774
6777
2770
2773
2771
107
108
109
196883
111
112
113
114
115
5566
5567
5568
4067
3055
2268
6714
6464
25759
53358
399694
2885
6654
6655
3265
3845
4893
5894
673
5604
5594
5595
5295
23533
5296
8503
5290
5293
5291
5294
5590
207
208
10000
2309
1147
3551
8517
4792
4793
4790
5970
2931
2932
3702
10451
7409
7410
5879
5880
5058
998
7454
8976
387
6093
9475
2782
2783
2784
59345
10681
54331
2785
2786
2787
2788
94235
2790
2791
55970
51764
2792
2793
57580
9844
1794
5747
5829
9564
1398
1399
2185
23236
5330
5331
5332
10235
5906
5908
56288
7074
5579
5580
653361
131890
6011
156
157
2868
2869
2870
408
409
