hsa05203
6714
3265
3845
4893
5594
5595
1385
1386
468
10488
90993
64764
84699
148327
9586
1388
1642
7534
7529
10971
7531
7533
7532
3716
6774
6776
6777
836
3249
5290
5293
5291
5294
5295
23533
5296
8503
5970
5966
4791
4790
7157
898
9134
1017
1959
1960
7419
4055
6672
3190
1026
1654
5610
5566
5567
5568
8341
8345
8342
158983
255626
440689
8348
3018
8339
8340
8347
3017
8344
8346
8349
8970
85236
128312
8343
286436
121504
554313
8294
8360
8361
8362
8363
8364
8365
8366
8367
8368
8370
8359
8369
581
2885
8717
983
387332
9519
6908
7874
4193
11317
3516
22938
2965
2966
730394
728340
2967
2968
2960
2961
27044
1387
2033
2959
595
894
896
1021
890
8900
6502
28973
7185
7186
7187
7188
3718
4067
6850
9114
245972
7337
1739
23513
5829
578
3661
5700
5925
5933
5934
1027
23352
3725
1108
3065
3066
8841
9759
10014
10013
51564
55869
9734
83933
79885
5315
10379
9093
8850
2648
11036
2957
2958
6722
8517
4792
5922
998
5879
387
2934
85477
87
88
89
81
1019
1029
1030
1111
991
8379
55697
5902
5423
3665
3572
1234
1237
1232
1233
9261
841
572
5366
718
3105
3106
3107
3134
3135
3133
