hsa04015
5906
5908
22808
9771
9732
2902
2903
2904
810
805
808
801
163688
51806
91860
2149
9002
5028
2357
1902
9170
23566
2846
57121
135
136
2778
107
108
109
196883
111
112
113
114
115
10411
11069
2776
23236
5330
5331
5332
25780
10235
1950
2246
2247
2248
2249
8822
2251
2252
2253
2254
2255
2256
2257
2258
2259
8823
2250
8817
9965
26281
26291
27006
8074
4803
3630
3479
5154
5155
56034
80310
1435
4254
7422
7423
5228
7424
2277
3082
284
285
51378
1942
1943
1944
1945
1946
1956
2260
2263
2261
2264
4804
3643
3480
5156
5159
1436
3815
2321
2324
3791
4233
7010
1969
1398
1399
2889
9564
999
1499
9223
9863
260425
9693
51735
27040
2533
3937
8631
5335
5578
5579
5582
5587
23683
25865
1813
1268
2770
2773
2771
2775
5909
26037
6494
57568
23094
3397
7057
5900
5898
5899
5879
5880
5881
54518
7094
83660
3674
3690
345456
5216
5217
375189
7408
60
71
64411
387
6714
9855
998
7074
56288
50855
84552
84612
5590
5584
4301
1500
889
10636
83593
3683
3684
3689
3688
673
5894
5604
5605
5594
5595
5606
5608
5600
6300
5603
1432
5290
5293
5291
5294
5295
23533
5296
8503
207
208
10000
51196
3265
3845
4893
6237
7410
