hsa04915
2099
2100
3320
3326
7184
2288
2289
3312
3303
3306
3305
3304
3310
2353
3725
6667
2852
2778
6714
4313
4318
1839
107
108
109
196883
111
112
113
114
115
5566
5567
5568
1385
1386
468
10488
90993
64764
84699
148327
9586
1388
1956
6464
25759
53358
399694
2885
6654
6655
3265
3845
4893
5894
5604
5605
5594
5595
5290
5293
5291
5294
5295
23533
5296
8503
207
208
10000
2550
9568
2770
2773
2771
2775
3760
3763
3765
3762
4988
5580
2776
23236
5330
5331
5332
3708
3709
3710
810
805
808
801
163688
51806
91860
4846
2911
