hsa04145
9341
23673
8417
60
71
11151
53407
9554
3105
3106
3107
3134
3135
3133
3108
3109
3111
3112
3113
3115
3117
3118
3119
3122
3123
3125
3126
3127
5868
5869
5878
8411
5289
7037
9146
523
525
526
245973
528
51382
90423
529
9296
9550
127124
534
8992
155066
10312
23545
50617
535
9114
245972
51606
527
533
537
7879
338382
83547
1778
79659
1780
1781
1783
51143
10376
7277
7278
7846
84790
51807
112714
113457
79861
84617
203068
81027
7280
10381
10382
347688
347733
10383
3916
3920
200576
4074
4842
4353
1514
1520
29927
55176
10952
23480
6890
6891
811
821
2204
2209
2212
2213
9103
2214
2215
102723407
715
3684
3689
718
78989
81035
4153
653509
729238
6441
3685
3673
3678
3688
3690
3693
7057
1311
7058
7059
7060
7097
10333
7099
929
22925
4360
9902
10332
30835
64581
4481
8685
4973
949
948
1535
50508
27035
1536
5879
653361
4688
4689
