hsa04120
7317
10055
10054
9039
7318
55236
7319
7320
11065
51619
7321
7322
7323
10477
7324
7325
140739
7326
7327
7328
7329
51465
118424
7332
9246
9040
389898
7334
63893
55585
92912
134111
54926
997
27338
148581
55284
65264
3093
57448
7337
89910
9690
57154
64750
83737
11059
11060
9320
4734
23327
10075
51366
8925
8924
8916
26091
9354
10277
10273
23759
27339
22888
4193
23624
867
868
5071
6477
5371
7189
4214
64326
25898
329
330
331
79444
112401
8554
9063
10401
51588
84447
378884
326
23295
672
55120
4281
22954
4591
9978
8454
6500
8945
23291
6502
55294
26232
26272
8453
6921
6923
7428
8452
9817
55958
90293
23221
9886
8450
8451
1642
1643
1161
55070
9616
8065
8651
9021
9820
26259
51529
29882
991
51343
64682
996
29945
51433
8881
51434
8697
10393
246184
25847
