hsa04310
64840
7471
7472
7482
7473
89780
54361
7474
81029
7475
7476
7477
7478
7479
7483
7484
7480
80326
7481
51384
9350
147111
11197
5176
50964
22943
27123
27121
6422
6423
6424
6425
8321
8324
2535
7976
8322
7855
8325
8323
11211
8326
4041
4040
25805
1454
102800317
1857
1856
1855
10023
23401
1457
1459
283106
1460
85407
85409
80319
59343
2932
1499
8312
8313
324
10297
122011
1452
6932
83439
6934
51176
56998
57680
64321
1487
1488
1387
2033
8607
4089
6885
51701
4609
3725
8061
595
894
896
5467
4316
5663
5566
5567
5568
7157
6477
27101
6500
6907
90665
79718
8945
23291
8454
9978
2239
57216
81839
144165
166336
27130
23002
23500
387
9475
5879
5880
5881
5599
5602
5601
23236
5330
5331
5332
815
817
816
818
5530
5532
5533
5534
5535
5578
5579
5582
4772
4773
4775
4776
4088
