hsa05016
1211
1212
1213
8218
3092
161
160
163
1173
1175
3064
55081
841
836
2915
2776
23236
5330
5331
5332
2902
2904
3708
1742
7052
5978
25942
23186
3065
3066
5430
5431
5432
5433
5434
5435
5436
5437
5438
5441
5439
548644
246721
5440
627
1639
10540
51164
9001
25981
55567
146754
56171
1767
1768
1770
8701
201625
127602
1769
196385
8632
7802
27019
64446
83544
10126
1387
2033
6875
6874
387332
9519
6908
6667
1385
10488
90993
64764
84699
148327
9586
10891
5468
7019
4899
6647
6648
7350
7157
581
27113
4723
4729
4731
4694
4695
4696
4697
56901
4698
4700
4701
4702
4704
4705
4706
126328
55967
51079
4707
4708
4709
4710
4711
4712
4713
4714
4715
4716
54539
4719
4720
4722
4724
4725
4726
374291
4728
4717
4718
100532726
6389
6390
6391
6392
7386
4519
1537
7384
7385
7388
440567
7381
27089
29796
10975
4514
4512
4513
84701
1327
9377
1329
1337
1339
1340
125965
1345
1346
1347
9167
1349
170712
1350
341947
1351
498
506
509
513
514
4508
515
516
517
518
10476
539
522
4509
7416
7417
7419
291
292
293
83447
10105
54205
317
842
2876
