hsa04722
4803
627
4909
4908
4914
4915
4916
10603
25970
10019
2885
6654
6655
3265
3845
4893
5894
673
5604
5605
5594
5595
6197
6195
6196
27330
9252
468
596
57498
10818
1398
1399
2889
5906
5908
4215
5607
5598
5600
6300
5603
1432
9261
6464
25759
53358
399694
2549
5295
23533
5296
8503
5290
5293
5291
5294
207
208
10000
4793
4792
4794
4790
5970
2309
356
572
2932
5170
3667
5335
5336
5580
810
805
808
801
163688
51806
91860
815
817
816
818
814
25
5781
4145
4804
397
396
398
387
998
5879
4214
4217
5609
5599
5602
5601
3725
7157
581
7161
7189
10782
11108
9500
27018
7531
8767
3654
3656
11213
51135
3551
6272
5663
5664
