hsa04660
915
916
917
919
920
925
926
5788
3932
2534
7535
3937
27040
3702
7006
4690
8440
10451
7409
7410
9402
2885
5058
5062
5063
10298
56924
106821730
57144
387
998
1739
5600
6300
5603
1432
5335
5530
5532
5533
5534
5535
4772
4773
4775
6654
6655
10125
3265
3845
4893
5894
5604
5605
5594
5595
2353
3725
5588
84433
8915
10892
6885
5609
1147
3551
8517
4790
5970
4792
4793
4794
940
29851
959
5295
23533
5296
8503
5290
5293
5291
5294
5170
207
208
10000
1326
9020
2932
5133
1493
5777
23624
867
868
3558
3565
3567
3586
3458
1437
7124
1019
5601
