hsa04022
185
1909
1910
148
147
146
150
151
152
2776
2767
2768
10672
7225
5530
5532
5533
5534
5535
4205
4207
100271849
4208
4209
4772
4773
4775
4776
6722
2626
4879
4881
4882
5592
5593
775
776
778
779
3778
157855
3779
10242
27094
27345
6546
6543
6547
476
477
478
480
23439
481
482
483
486
490
492
493
491
5997
9569
2969
23236
5330
5331
5332
3708
3709
3710
10335
5350
487
489
488
387
6093
9475
4659
5499
5500
5501
810
805
808
801
163688
51806
91860
4638
85366
91807
340156
10398
1259
1258
107
108
109
196883
111
112
113
114
115
5138
5139
5140
8654
2977
2982
2983
624
4985
134
140
2770
2773
2771
3630
3643
3667
8660
8471
5290
5293
5291
5294
5295
23533
5296
8503
207
208
10000
4846
153
154
155
5581
3764
7416
7417
7419
291
292
293
83447
10105
1385
1386
468
10488
90993
64764
84699
148327
9586
1388
572
7408
5894
5604
5605
5594
5595
4625
