hsa05200
1630
836
842
26060
999
1499
29119
1495
1496
8312
8313
324
10297
2932
6932
83439
6934
51176
332
4609
595
7471
7472
7482
7473
89780
54361
7474
81029
7475
7476
7477
7478
7479
7483
7484
7480
80326
7481
51384
8321
8324
2535
7976
8322
7855
8325
8323
11211
8326
1857
1856
1855
2149
9002
1902
9170
23566
2846
57121
10161
185
2768
10672
23365
9826
9138
57449
387
6093
9475
6387
7852
2770
2773
2771
5731
5732
5733
5734
2778
107
108
109
196883
111
112
113
114
115
5566
5567
5568
2782
2783
2784
59345
10681
54331
2785
2786
2787
2788
94235
2790
2791
55970
51764
2792
2793
1284
1286
1288
1282
1287
1285
284217
3908
3909
3911
3910
3912
3913
3914
22798
3915
3918
10319
2335
3673
3674
3675
3655
3685
3688
5747
5290
5293
5291
5294
5295
23533
5296
8503
5728
4824
207
208
10000
1147
3551
8517
4792
4790
4791
5970
5743
4843
596
329
330
331
79444
112401
598
7185
7186
7187
9618
7188
7189
2475
572
2308
4193
7157
1027
1026
613
25
1398
1399
23624
867
868
6776
6777
623
624
1909
1910
2776
2767
23236
5330
5331
5332
5578
5579
5582
10125
10235
25780
115727
3716
6774
6772
7422
7423
5228
7424
2277
7039
1950
1956
2064
5154
5155
5156
5159
3479
3480
4254
3815
2323
2322
3082
4233
2246
2247
2248
2249
8822
2251
2252
2253
2254
2255
2256
2257
2258
2259
8823
2250
8817
9965
26281
26291
27006
8074
2260
2263
2261
2885
6654
6655
3265
3845
4893
369
673
5894
5604
5605
5594
5595
3725
2353
4312
4313
4318
3576
1019
5979
8030
8031
4914
7170
7175
10342
11186
83593
6789
1612
1613
23604
5335
5336
5900
5898
5899
10928
998
5879
5880
5881
5599
5602
5601
7849
5468
6256
6257
6258
5915
5467
3728
7704
5371
5914
861
862
6688
1050
1438
1441
1436
3569
1029
1869
1870
1871
4149
9063
1030
1021
1163
1164
6502
1017
898
9134
5925
4286
7040
7042
7043
7046
7048
4087
4088
4089
2122
1487
1488
3065
3066
4292
4436
4437
2956
581
675
5888
356
355
8772
841
637
54205
7428
6921
6923
9978
8453
54583
112399
112398
2271
3091
2034
405
9915
1387
2033
6513
6469
5727
6608
27148
51684
2735
2736
2737
650
652
64399
8643
367
3320
3326
7184
354
2113
2950
5337
8900
