hsa04621
10392
8767
8517
1147
3551
4793
4792
4790
5970
3553
3606
3569
7124
3576
2919
2920
2921
6347
6352
820
64127
6885
10454
23118
257397
5594
5595
5599
5602
5601
5600
6300
5603
1432
3725
55054
9474
9140
11337
23710
11345
10910
81858
10616
55072
331
84674
7205
55914
329
330
7186
7188
7189
64170
7128
57506
7187
29110
9641
10010
3661
3665
3439
3440
3441
3442
3443
3444
3445
3446
3447
3448
3449
3451
3452
3456
79671
118429
84168
22861
29108
834
596
598
1508
114548
24145
5027
7226
54822
51393
846
222545
23236
5330
5331
5332
3708
3709
3710
7416
7417
7419
90550
4938
4939
4940
6041
56919
9927
55669
8737
11035
10059
10135
50508
27035
1536
1535
10628
7295
25828
140609
79184
3320
3326
22900
260434
152138
4210
9051
841
8772
100506742
59082
440068
114769
171389
199713
91662
4671
58484
5580
2634
115362
9447
3428
7158
107181291
387
2633
2635
115361
388646
837
838
79792
3454
3455
3716
7297
6772
6773
10379
7099
148022
4615
51135
340061
