hsa04750
623
624
3356
3357
3358
3269
5029
2776
123745
5321
8681
100137049
8605
283748
255189
8398
239
23236
5330
5331
5332
3708
3709
3710
5581
5499
5500
5501
8989
7442
41
40
9311
55515
51802
810
805
808
801
163688
51806
91860
815
817
816
818
3553
3554
3556
5606
5608
5600
6300
5603
1432
5599
5602
5601
4803
4914
5335
5336
5290
5293
5291
5294
5295
23533
5296
8503
5580
6714
79054
5732
5734
2778
107
108
109
196883
111
112
113
114
115
5566
5567
5568
59341
2150
1573
5578
5579
5582
5583
5588
3479
51393
162514
