hsa04142
10312
23545
50617
535
9114
245972
51606
537
527
533
5476
1508
1075
1509
1510
8722
1511
1512
1513
1514
1519
1520
1515
1521
1522
9476
5641
1200
2717
2720
2548
2629
3425
4668
4669
2581
2990
3073
3074
4126
4125
4758
410
411
22901
2588
2799
3423
6448
3988
23659
1777
58511
53
54
6609
427
175
5660
768239
2760
5538
9374
3916
3920
27074
968
967
950
4864
10577
1497
26503
6556
4891
55353
7805
9741
20
23457
8763
9583
6272
1201
1203
256471
138050
285362
79158
84572
51172
3482
4074
1211
1212
1213
8218
164
8906
162
8907
10053
1174
8905
130340
8943
8120
8546
26985
10947
10239
1176
23431
10717
9179
11154
23062
23163
26088
57192
9516
2517
3373
