hsa04630
3558
3562
3565
3567
3569
3574
3578
3586
3589
3592
3593
3596
3600
29949
50604
11009
59067
50616
51561
53342
3439
3440
3441
3442
3443
3444
3445
3446
3447
3448
3449
3451
3452
3456
3458
338376
56832
282616
282617
282618
3467
5008
3976
85480
1489
1437
1270
1440
2056
2688
2689
1442
1443
3952
7066
5617
3559
3560
3561
3563
3566
3568
3570
3575
3581
3587
3588
3590
3594
3595
3597
3598
3601
53832
53833
50615
58985
116379
149233
9466
3572
3454
3455
3459
3460
163702
9180
3977
64109
1271
1438
1439
1441
2057
2690
3953
4352
5618
3716
3717
3718
7297
6772
6773
6774
6775
6776
6777
6778
1154
8651
8835
9021
122809
9655
30837
9306
596
4170
598
5292
4609
595
894
896
1026
316
2670
10254
8027
5771
5777
10379
1387
2033
8554
9063
10401
51588
2273
5781
2885
6654
6655
3265
5894
5290
5293
5291
5294
5295
23533
5296
8503
207
208
10000
2475
