hsa04020
6546
6543
6547
490
492
493
491
1128
1131
1133
135
136
153
154
155
1812
1816
3274
3360
3361
3362
3363
2778
2774
107
108
109
196883
113
114
115
5566
5567
5568
5350
487
489
488
6786
57620
84876
80228
93129
775
776
778
779
773
774
777
8913
8912
8911
1139
5023
22953
5024
5025
5026
5027
9127
2902
2903
2905
2906
6261
6262
6263
10800
57105
1129
148
147
146
185
1909
1910
2149
2911
2915
2925
3269
3356
3357
3358
3973
4923
5021
552
553
56413
5724
5731
5733
5737
623
624
6869
6865
6870
6915
7201
886
887
1956
2064
2065
2066
5156
5159
2776
2767
9630
2769
102723407
5333
113026
84812
23236
5330
5331
5332
5335
5336
51196
89869
3708
3709
3710
952
8877
56848
90550
7416
7417
7419
291
292
293
83447
10105
7134
7125
810
805
808
801
163688
51806
91860
5260
5261
5257
5256
5255
4638
85366
91807
340156
815
817
816
818
814
5530
5532
5533
5534
5535
4842
4843
4846
5136
5153
5137
2185
3707
3706
80271
5578
5579
5582
