hsa04270
148
147
146
185
1909
552
553
2776
2767
8399
26279
30814
50487
64600
81579
84647
5319
5322
5320
391013
123745
5321
8681
100137049
8605
283748
255189
8398
1579
284541
3778
157855
3779
10242
27094
27345
775
776
778
779
810
805
808
801
163688
51806
91860
4638
85366
91807
340156
140465
4637
10398
23236
5330
5331
5332
3708
3709
3710
5578
5579
5582
5580
5581
5583
5588
369
673
5894
5604
5605
5594
5595
800
59
72
94274
5499
5500
5501
4659
4660
54776
2768
10672
23365
9138
9826
387
6093
9475
135
136
5739
10203
10267
10266
10268
2778
107
108
109
196883
111
112
113
114
115
5566
5567
5568
4881
4882
5592
10335
2977
2982
2983
4629
