hsa04014
1950
2246
2247
2248
2249
8822
2251
2252
2253
2254
2255
2256
2257
2258
2259
8823
2250
8817
9965
26281
26291
27006
8074
4803
3630
3479
5154
5155
56034
80310
1435
4254
7422
7423
5228
7424
2277
3082
284
285
51378
1942
1943
1944
1945
1946
1956
2260
2263
2261
2264
4804
3643
3480
5156
5159
1436
3815
2321
2324
3791
4233
7010
1969
2885
2549
9846
6464
25759
53358
399694
5781
6654
6655
5335
5336
10125
10235
25780
115727
7535
27040
3363
2782
2783
2784
59345
10681
54331
2785
2786
2787
2788
94235
2790
2791
55970
51764
2792
2793
5566
5567
5568
5923
5924
2902
2903
2904
810
805
808
801
163688
51806
91860
3265
3845
4893
22808
6237
22800
4763
5921
5922
22821
10156
100271927
8831
8437
9462
64926
11186
83593
6789
7074
5879
5880
5881
5058
5062
5063
10298
56924
106821730
57144
387
5290
5293
5291
5294
5295
23533
5296
8503
207
208
10000
8517
1147
3551
4790
5970
572
598
4303
356
4301
8036
5894
5604
5605
5594
5595
51365
8399
26279
30814
50487
64600
81579
84647
5319
5322
5320
391013
123745
5321
8681
100137049
8605
283748
255189
8398
11145
2002
2113
2114
8315
8844
283455
9771
5906
5908
5900
23179
5863
5898
5899
5599
5602
5601
55770
29110
5966
5337
5338
10928
998
51196
5578
5579
5582
9610
25
27
5868
5869
5878
382
