hsa03013
10940
10557
10775
51367
138716
54913
10248
11102
10556
79897
10799
60528
55520
51095
5901
11260
57510
1915
1917
7514
51808
4686
22916
1207
10419
96764
3837
10073
51068
84305
7175
10762
9972
59343
4928
8480
6396
81929
55746
57122
79023
23279
79902
348995
23636
9818
53371
9688
23165
23511
9631
129401
23225
91181
55706
100101267
9883
94026
8021
4927
5903
285190
400966
653489
727851
729857
84220
5905
7329
6612
6613
7341
387082
8086
11097
6606
6607
8487
11218
50628
25929
79833
79760
54960
11171
8669
8668
8667
8666
8665
3646
8664
8663
728689
8662
8661
9086
1964
10289
10209
1983
1965
8894
1968
1967
8892
8890
8891
8893
9669
8672
1981
1982
1977
9470
253314
1973
1974
1975
26986
140886
5042
645974
80336
340529
8761
132430
10605
1978
1979
8637
10460
23191
26999
2332
8087
9513
9939
4116
55110
22794
9775
10284
5411
22985
10921
10189
7919
9984
57187
8563
79228
80145
84321
10250
10482
56001
728343
55998
56000
29107
55916
5976
26019
65109
65110
26827
780851
780853
780852
26851
