hsa04726
121278
7166
1644
6570
6571
775
776
778
779
3356
3357
3358
2776
23236
5330
5331
5332
3708
3709
3710
5578
5579
5582
5594
5595
123745
5321
8681
100137049
8605
283748
255189
1558
1559
1562
1557
1565
107987478
1573
260293
240
239
242
246
247
5742
5743
3359
285242
200909
170572
9177
3360
3362
3363
2778
111
5566
5567
5568
3781
3751
2560
2562
2561
10411
351
3350
3351
3352
3354
3355
3361
2770
2773
2771
2775
2782
2783
2784
59345
10681
54331
2785
2786
2787
2788
94235
2790
2791
55970
51764
2792
2793
836
3265
3845
4893
369
673
5894
5604
773
774
3760
3763
3765
3762
7220
6532
4129
4128
1843
