hsa04530
1364
1365
1366
149461
10686
23562
24146
26285
49861
5010
51208
53842
7122
9071
9073
9074
9075
9076
9080
137075
644672
100132463
100506658
50848
58494
83700
150084
92359
64398
10207
50855
84552
84612
5590
5584
56288
3993
3996
998
5515
5516
5519
5518
5520
5521
5522
55844
5578
5579
5582
5580
5581
5583
5588
1457
1459
283106
1460
2770
2773
2771
8777
9218
27134
7082
9414
51776
1499
8531
8189
55870
1019
57530
60
71
4633
4636
58498
10398
93408
103910
10627
29895
22989
4619
4620
4621
4622
4626
4627
4628
4629
57644
79784
8735
4625
4624
387
4301
3265
3845
4893
6237
22800
22808
8573
154810
93643
2017
3059
29119
1495
1496
2035
2036
2037
23136
87
88
89
81
134549
357
57619
57477
6714
7525
5865
5872
11336
60412
9223
9863
260425
5728
207
208
10000
6709
