hsa05168
4049
8740
8764
7185
7186
7187
7188
5599
5602
5601
3725
2353
3551
1147
8517
4792
4793
4790
5970
5818
5819
29992
5781
7097
4615
7189
10454
23118
6885
54106
7098
148022
3661
3665
23586
64135
57506
9641
29110
6347
6352
7124
3553
3569
3592
3593
3600
3439
3440
3441
3442
3443
3444
3445
3446
3447
3448
3449
3451
3452
3434
439996
7874
27102
5610
9451
440275
1965
5499
5500
5501
4938
4939
4940
6041
718
727
5199
6500
54926
997
8454
6502
1936
29997
10445
5430
6732
6426
8683
6427
10929
6428
6429
6430
6431
6432
5371
6672
1387
2033
7157
1616
983
1017
1457
1459
283106
1460
29915
3054
387332
9519
6908
51616
6878
10629
27097
6877
6875
6874
83860
6884
6881
112950
9569
2969
3150
10189
10482
56001
728343
55998
56000
708
3190
3108
3109
3111
3112
3113
3115
3117
3118
3119
3122
3123
3125
3126
3127
972
6890
6891
3105
3106
3107
3134
3135
3133
3456
3454
3455
3716
7297
6772
6773
10379
9021
3458
3459
3460
3717
356
355
7132
8772
841
836
54205
406
9575
5187
8863
8864
25833
