hsa05202
861
1436
4353
1437
3562
862
3065
3066
25942
9611
1050
6688
929
3684
2209
3728
5371
5914
1053
597
7704
4609
6929
5087
51384
2120
51513
1991
3002
4297
4299
1025
904
905
4298
4300
84444
4005
5090
860
4086
51274
4208
221037
8091
7403
7404
8464
8842
2322
55589
3480
1027
5218
4211
6495
51804
2138
1031
3248
2892
2530
30012
3195
1236
8861
4066
3087
171558
5966
7185
598
942
958
604
102723407
4094
894
3695
7468
440093
3021
8351
8352
8350
3020
8290
126961
333932
653604
8353
8354
8355
8356
8357
8358
8968
5079
7849
5468
6256
6257
6258
5546
7030
1026
7113
2078
5328
5327
4314
4318
6692
7850
2115
2118
2119
85414
2005
1655
4613
4149
4193
5747
7157
648
100532731
6667
7709
4914
4804
4221
2130
2313
3479
3398
7048
3486
54738
466
9915
472
64083
55204
7490
5154
3560
8938
7102
4291
8013
8148
2521
1649
1051
3569
64332
4790
5970
3576
2308
2321
6760
6756
6757
727837
26471
79058
4233
1668
1848
3205
3206
3207
330
5077
5081
6935
8864
8900
