hsa03010
51116
64969
64968
51081
64965
55173
64963
6183
63931
64960
51021
51373
51023
55168
54460
6187
6188
6189
6192
6191
140032
6193
6194
6201
6202
6203
6204
100529239
6205
6206
6207
6208
6209
6210
6217
6218
6222
6223
6224
6227
6228
6229
6230
6231
101929876
6232
51065
6233
6234
6235
2197
3921
65008
51069
11222
51073
6182
65005
124995
65003
28998
64928
29088
54948
63875
29074
9801
55052
219927
29093
6150
79590
51264
10573
51263
64983
9553
64981
51318
64979
6123
6122
6124
6125
6128
6129
6130
6132
6133
140801
6134
4736
6135
6136
6137
23521
9045
6138
6139
100526842
6141
6142
6143
6144
200916
6146
9349
6147
51187
6152
6154
51121
6155
6157
6158
6159
6156
6160
6161
6164
11224
6165
25873
6167
6168
6169
6170
7311
6171
6166
6173
100529097
6175
6176
6181
4549
4550
100169751
100169767
100169757
100169762
100169756
100169764
100169755
100169754
100169753
100169761
100169763
100169759
100169758
100169765
100169766
100169768
100169760
