hsa03040
26827
9879
7919
8449
9785
51362
8559
1659
10569
1665
6628
6632
6633
6634
6635
6636
6637
6625
6626
6631
25766
55660
58517
1655
10915
6627
6629
10291
8175
10946
23451
10992
23450
10262
83443
51639
84844
11325
7307
102724594
199746
11338
22827
10285
84991
10523
23350
6100
57819
27258
25804
23658
11157
51690
51691
9129
9128
10465
26121
4809
11017
10713
9092
153527
84950
55119
9343
23020
24148
10594
9410
9416
10907
27339
988
10286
5356
51503
56259
3312
3303
3306
3305
3304
3310
10084
51729
22938
56949
25949
51340
57461
100534599
51645
10450
151903
55696
8896
9716
22985
9775
9939
4116
55110
9984
57187
84321
10189
4686
22916
220988
3178
144983
3183
27316
494115
27288
139804
3190
4670
3192
5093
6426
8683
6427
10929
6428
6429
6430
6431
6432
29896
6434
10772
