hsa04740
442186
442191
442194
442361
119774
120065
120066
120586
120775
119678
119679
119682
119687
119692
119694
119695
119749
119764
119772
8387
8388
4991
8386
8390
8383
26189
26707
79541
4993
26211
26692
4994
4995
8392
10798
81696
8590
26333
26659
26539
26538
26532
26476
26531
26529
81797
81285
23538
79339
79345
283694
441608
441639
441669
441670
441933
284521
390078
390079
390081
390083
390084
390093
390113
390142
390144
390151
390152
390154
390155
390157
390162
390167
390168
390174
144125
150681
158131
162998
196335
219417
219428
219429
219431
219432
219436
219437
219438
219447
219453
219464
219469
219473
219477
219479
219482
219484
219493
219858
219865
219869
219870
219873
219874
219875
219952
219954
219956
219957
219958
219959
219960
219965
219968
219981
219982
219983
219986
254783
254786
254973
255725
256144
256148
256892
26188
26212
26219
26245
26246
26248
26338
26339
26492
26493
26496
26658
26664
26689
26696
26716
283092
283093
283111
283159
283160
283162
283189
283297
283365
284383
284433
284532
285659
286362
286365
338662
338674
338675
338751
338755
340980
341152
341276
341416
341418
341568
341799
343169
343173
343406
343563
346517
346525
346528
347168
347169
347468
387748
390036
390037
390038
390054
390058
120776
120787
120793
120796
121130
121275
121364
122740
122742
122748
124538
125958
125962
125963
126370
126541
127059
127062
127064
127066
127068
127069
127074
127077
127385
127623
128360
128367
128368
128371
128372
130075
134083
135924
135941
135946
135948
138799
138802
138803
138804
138805
138881
138882
138883
143496
143502
144124
390059
390061
390063
390064
390066
390067
390072
390075
390077
390181
390191
390195
390197
390199
390201
390260
390261
390264
390265
390275
390321
390323
390326
390327
390429
390431
390433
390436
390437
390439
390442
390445
390538
390648
390649
390882
390883
390892
391107
391109
391112
391114
391189
391190
391191
391192
391194
391195
391196
391211
392138
392309
392376
392390
392391
392392
393046
401427
401665
401666
401667
401992
401993
401994
402135
402317
4992
56656
79290
7932
81472
81697
119765
219487
254879
143503
26494
26533
26534
26682
26683
26686
26735
26737
26740
282763
282770
282775
441911
389090
79295
79310
79317
79324
79473
79501
79544
81050
81061
81099
81127
81168
81282
81300
81309
81318
81327
81328
81392
81399
81442
81448
81469
81470
343171
343172
504189
442184
403282
403284
26648
403257
403253
403239
441308
390148
128366
504190
504191
26341
390271
26595
390190
440153
403277
403278
81341
729759
121129
26693
81466
102723532
403273
105369274
26687
403274
2774
2782
2788
51764
109
1260
1262
1258
57101
3000
1261
83988
5592
5593
6546
6543
6547
123041
156
157
408
409
5997
5566
5567
5568
815
817
816
818
810
805
808
801
163688
51806
91860
5136
5153
5137
5138
