hsa05146
3553
3554
7850
4790
5970
3315
4583
1277
1278
1284
1286
1288
1282
1287
1285
2335
284217
3908
3909
3911
3910
3912
3913
3914
22798
3915
3918
10319
836
102723407
2776
2767
9630
2769
23236
5330
5331
5332
5578
5579
5582
2778
2774
107
5566
5567
5568
5868
5869
5878
7879
338382
7097
7099
929
3569
1437
3576
7124
3592
3593
3458
1281
5747
7414
87
88
89
81
384
383
4843
3689
3684
5295
23533
5296
8503
5290
5293
5291
5294
1992
6317
6318
5269
5272
5273
5275
1511
3586
7040
7042
7043
731
732
733
735
2919
912
