hsa05231
1950
5154
5155
56034
80310
1956
5156
5159
2885
6654
6655
3265
3845
4893
5894
5604
5605
5594
5595
5900
5599
5602
5601
123745
5321
8681
100137049
8605
283748
255189
5290
5293
5291
5294
5295
23533
5296
8503
5170
207
208
10000
7248
7249
6009
2475
6198
6199
1978
23396
8394
8395
7454
8976
5879
5880
5881
8936
10163
10810
6667
5337
5338
60482
23446
80736
204962
57153
126969
6580
6582
6581
6584
6583
1119
1120
3091
3725
2353
9468
5130
56994
5335
8611
8613
8612
8525
8527
9162
1606
8526
1607
160851
1608
1609
139189
5578
5579
5582
10434
56261
