hsa04390
286204
23418
56288
50855
84552
84612
5590
5584
10207
64398
154796
10413
25937
999
8994
84962
126374
4771
23286
79981
122786
60485
6788
166824
11186
5515
5516
5519
5518
5520
5521
5522
55844
26524
9113
55233
92597
5499
5500
5501
7159
3993
3996
23513
1739
1742
1740
1741
1453
1454
102800317
8945
23291
7161
27113
7003
7004
7005
8463
1490
2736
374
332
174
3689
2246
7040
7042
7043
7046
7048
4092
4087
4088
4089
5054
650
652
653
654
655
656
353500
8200
392255
151449
268
657
658
659
4086
3397
3398
7471
7472
7482
7473
89780
54361
7474
81029
7475
7476
7477
7478
7479
7483
7484
7480
80326
7481
51384
8321
8324
2535
7976
8322
7855
8325
8323
11211
8326
1857
1856
1855
7534
7529
10971
7531
7533
7532
2932
1499
324
10297
8312
8313
6932
83439
6934
51176
4609
595
894
896
6657
6591
60
71
29119
1495
1496
329
85407
