hsa04110
595
894
896
1019
1021
5925
5933
5934
25
3065
3066
1869
1870
1871
1874
1875
7027
7029
2932
7040
7042
7043
4087
4088
4089
4609
7709
1029
1030
1031
1032
1027
1028
1026
898
9134
1017
6500
8454
9978
6502
890
8900
990
8318
8317
10926
983
891
9133
85417
994
995
7534
7529
10971
7531
7533
7532
5347
7465
494551
9088
902
1022
64682
29882
996
29945
51433
8881
51434
8697
10393
51529
246184
25847
991
9232
10744
9700
8243
27127
9126
10735
10274
5885
7272
699
9184
701
8379
4085
10459
51343
8555
8556
545
472
7157
1111
11200
1387
2033
5591
4193
1647
4616
10912
5111
2810
993
4998
4999
23595
5000
5001
23594
4171
4172
4173
4174
4175
4176
