hsa05012
135
2774
1813
2770
2773
2771
111
5566
5567
5568
1812
7317
7318
7314
7332
9246
118424
51465
7327
7326
5071
6622
2861
5413
9627
7345
7054
6531
6570
6571
4535
4536
4537
4538
4539
4540
4541
4723
4729
4731
4694
4695
4696
4697
56901
4698
4700
4701
4702
4704
4705
4706
126328
55967
51079
4707
4708
4709
4710
4711
4712
4713
4714
4715
4716
54539
4719
4720
4722
4724
4725
4726
374291
4728
4717
4718
100532726
6389
6390
6391
6392
7386
4519
1537
7384
7385
7388
440567
7381
27089
29796
10975
4514
4512
4513
84701
1327
9377
1329
1337
1339
1340
125965
1345
1346
1347
9167
1349
170712
1350
341947
1351
498
506
509
513
514
4508
515
516
517
518
10476
539
522
4509
120892
65018
11315
27429
7416
7417
7419
291
292
293
83447
10105
54205
317
842
836
