hsa04650
3105
3106
3107
3135
3133
3812
3811
3803
3802
3804
3805
57292
3821
3822
3823
3824
5777
5781
3383
3384
3683
3689
2185
10451
7409
7410
5879
5880
5881
5058
5604
5605
5594
5595
7124
1437
3458
3806
3808
3809
3810
100132285
9436
7305
3932
102723407
2214
2215
9437
259197
2207
919
7535
6850
3937
27040
5335
5336
6452
5290
5293
5291
5294
5295
23533
5296
8503
2534
6464
25759
53358
399694
2885
6654
6655
3265
3845
4893
369
673
5894
4277
100507436
80329
80328
79465
353091
154064
135250
22914
100528032
10870
962
51744
5530
5532
5533
5534
5535
4772
4773
5578
5579
5582
117157
4068
3459
3460
3439
3440
3441
3442
3443
3444
3445
3446
3447
3448
3449
3451
3452
3456
3454
3455
8743
8797
8795
8794
8793
356
355
3002
5551
836
637
