hsa05206
406952
406953
406981
406979
406980
406982
407048
407049
5728
407006
407007
1027
406991
7078
406881
406882
406883
406884
406886
406887
406888
406889
406890
406891
406885
3845
1021
993
994
995
8091
406901
406948
406949
406950
406951
595
894
898
9134
406913
1398
1399
406904
406905
5292
4233
407021
407024
407025
407026
1788
1789
406922
406923
442890
4170
599
406937
1956
7422
406985
406933
7042
406959
7430
406910
406911
406912
27250
406935
406967
406969
406970
1387
2033
406997
407020
407034
407033
407029
407030
407031
407032
7168
10253
596
5268
406947
406986
100616173
406988
6935
9839
407018
407019
6768
1545
407035
407055
406892
2475
57521
1591
2064
2065
25
8626
494324
693187
11186
406903
3236
54541
90427
407009
10298
4318
574031
574452
693200
693210
407014
407040
407053
406902
407010
407011
100500809
406906
6541
900
406942
407008
3925
442909
494335
6774
4609
836
3265
4893
406978
442898
619552
407015
407016
407017
406943
1786
442891
406926
406925
324
10297
3667
5598
406983
406984
3190
8434
406907
406909
406908
406928
406915
406916
1871
407043
407044
407045
8660
442900
4851
4853
4854
4855
648
100532731
406938
4325
406954
406995
406955
406956
406957
574457
472
8651
442918
574467
574484
574493
574473
574461
960
406895
100302282
406896
100302238
23405
7976
3678
5962
387
574455
5328
578
23414
3690
7329
442904
3371
63923
7143
7148
406989
574411
5243
442910
4363
406996
672
406900
1026
406992
7057
10642
131405
407046
407047
407051
4790
406976
406977
3551
5743
5578
5579
5582
2885
2261
9252
7157
4193
4194
5156
5335
5336
406893
406894
5894
406971
5604
5605
6654
6655
6464
5154
406917
406918
399694
5155
5159
1029
1869
1870
407036
10018
4082
659
554213
2146
27165
2744
23411
7473
89780
442902
442903
113130
9493
574476
6093
5581
85414
7431
1944
27086
3065
3162
407041
407042
5290
5296
5594
6624
6659
9759
