hsa04510
1277
1278
1280
1284
1286
1288
1282
1287
1285
1291
1292
1293
131873
256076
1297
1298
1299
284217
3908
3909
3911
3910
3912
3913
3914
22798
3915
3918
10319
1101
5649
7057
1311
7058
7059
7060
2335
6696
7448
3371
63923
7143
7148
7450
3381
3672
3673
3674
3675
3676
3678
3655
3679
8516
3680
8515
22801
3685
3688
3690
3691
3693
3694
3695
3696
5154
5155
56034
80310
1950
3479
7422
7423
5228
7424
2277
3082
5156
5159
3480
3791
1956
2321
2324
4233
2064
6714
2909
394
387
1729
6093
9475
4633
4636
58498
10398
93408
103910
10627
29895
5499
5500
5501
4659
4660
54776
4638
85366
91807
340156
60
71
5923
824
87
88
89
81
7094
83660
2316
2318
2317
5829
3611
7791
7408
7414
29780
55742
64098
5170
207
208
10000
2932
1499
5578
5579
5582
5747
5290
5293
5291
5294
5295
23533
5296
8503
5728
10451
7409
7410
5879
5880
5881
5058
5062
5063
10298
56924
106821730
57144
998
9564
1398
1399
1793
2889
5906
5908
5599
5602
5601
3725
673
857
858
859
2534
6464
25759
53358
399694
2885
6654
6655
3265
5894
5604
5594
5595
2002
595
894
896
329
330
331
572
596
23396
