hsa00564
23171
2819
2820
57678
150763
137964
84803
10554
10555
55326
253558
154141
129642
56894
56895
8443
56985
8611
8613
8612
23175
64900
9663
8525
8527
9162
1606
8526
1607
160851
1608
1609
139189
56994
10390
5337
5338
23646
122618
3931
8399
26279
30814
50487
64600
81579
84647
5319
5322
5320
391013
123745
5321
8681
100137049
8605
283748
255189
8398
151056
11145
54947
79888
254531
10162
10434
23659
11313
10908
375775
56261
1103
43
1119
1120
162466
9468
5130
85465
55500
55224
5833
64850
10400
1040
8760
9791
81490
23761
9489
54675
6901
9926
10423
79143
