hsa05160
3949
949
975
1364
1365
1366
149461
10686
23562
24146
26285
49861
5010
51208
53842
7122
9071
9073
9074
9075
9076
9080
137075
644672
100132463
100506658
4938
4939
4940
6041
23586
57506
7187
29110
9641
3661
3665
3456
7098
148022
7189
8737
1147
3551
8517
4792
4790
5970
27102
5610
9451
440275
3659
1965
3576
6774
3434
439996
3646
3439
3440
3441
3442
3443
3444
3445
3446
3447
3448
3449
3451
3452
3454
3455
3716
7297
6772
6773
10379
9021
5519
5518
5520
5521
5522
55844
5515
5516
8554
1950
1956
2885
6654
6655
3265
3845
4893
673
5894
369
5600
6300
5603
1432
5599
5602
5601
5594
5595
5295
23533
5296
8503
5290
5293
5291
5294
5170
207
208
10000
2932
572
7157
1026
7124
7132
7186
8717
10197
6256
5465
10062
