hsa04916
5443
434
4157
2778
107
108
109
196883
111
112
113
114
115
5566
5567
5568
1385
10488
90993
64764
84699
148327
1387
2033
4286
7471
7472
7482
7473
89780
54361
7474
81029
7475
7476
7477
7478
7479
7483
7484
7480
80326
7481
51384
8321
8324
2535
7976
8322
7855
8325
8323
11211
8326
2775
2776
1857
1856
1855
2932
1499
6932
83439
6934
51176
4254
3815
3265
3845
4893
5894
5604
5605
5594
5595
7299
7306
1638
1906
1910
2770
2773
2771
23236
5330
5331
5332
810
805
808
801
163688
51806
91860
815
817
816
818
5578
5579
5582
