hsa03015
4686
22916
65109
65110
9939
4116
55110
22794
9775
10284
5411
22985
10921
10189
10482
56001
728343
55998
56000
29107
55916
7919
84305
10250
8732
8731
8106
390748
100529063
11051
11052
79869
64895
56903
10914
10978
51585
29894
53981
51692
10898
81608
55339
80335
5499
5500
5501
29101
1477
1478
23283
1479
8189
26528
4440
124540
26986
140886
5042
645974
80336
340529
8761
132430
2107
23708
2935
5976
26019
23049
9887
23381
23293
5515
5516
5519
5518
5520
5521
5522
55844
28227
55012
5523
5526
5527
5528
5529
5525
10767
53918
