hsa05224
2099
2100
8648
8202
2353
3725
6667
595
4609
5241
7471
54361
8600
2064
2246
2247
2248
2249
8822
2251
2252
2253
2254
2255
2256
2257
2258
2259
8823
2250
8817
9965
26281
26291
27006
8074
2260
3479
3480
1950
1956
3815
6464
25759
53358
399694
2885
6654
6655
3265
3845
4893
369
673
5894
5604
5605
5594
5595
5290
5293
5291
5294
5295
23533
5296
8503
5728
207
208
10000
2475
6198
6199
182
3714
10683
28514
54567
4851
4853
4854
4855
3280
388585
26508
23462
23493
2324
1026
4791
7472
7482
7473
89780
7474
81029
7475
7476
7477
7478
7479
7483
7484
7480
80326
7481
51384
8321
8324
2535
7976
8322
7855
8325
8323
11211
8326
4041
4040
1857
1856
1855
10023
23401
2932
8312
8313
324
10297
1499
122011
1452
6932
83439
6934
51176
7157
1019
1021
5925
1869
1870
1871
672
675
