hsa04150
8140
6520
153129
523
525
526
245973
528
51382
90423
529
9296
9550
127124
534
51606
55004
28956
8649
389541
10542
201163
96459
57600
10670
10325
64121
58528
57521
84335
2475
64798
64223
9894
9675
6249
2887
25989
8408
9706
1978
1977
9470
253314
6198
6199
1975
6194
220441
6502
9681
10641
8131
54468
81929
84219
79726
6396
83667
92335
55437
6794
51719
81617
5562
5563
7248
7249
51256
107080638
6009
54541
7471
7472
7482
7473
89780
54361
7474
81029
7475
7476
7477
7478
7479
7483
7484
7480
80326
7481
51384
8321
8324
2535
7976
8322
7855
8325
8323
11211
8326
4041
4040
1857
1856
1855
2932
7124
7132
3551
3630
3479
3643
3480
2885
6654
6655
3265
3845
4893
673
5894
5604
5605
5594
5595
6197
6195
6196
27330
3667
5295
23533
5296
8503
5290
5293
5291
5294
5728
5170
207
208
10000
1147
79109
253260
55615
387
5578
5579
5582
6446
23175
