hsa05164
5646
5645
5644
7113
56649
4938
4939
4940
6041
3337
5611
3312
3303
3306
3305
3304
3310
27102
5610
9451
440275
1965
5606
5608
5600
6300
5603
1432
6416
5609
5599
5602
5601
3725
1386
23586
64135
57506
79671
3551
4793
4792
4790
5970
7706
7098
148022
29110
9641
3661
1387
2033
5295
23533
5296
8503
5290
5293
5291
5294
207
208
10000
7099
51284
4615
51135
3665
3552
3553
3569
3592
3593
7124
3576
6347
6352
3627
3383
3439
3440
3441
3442
3443
3444
3445
3446
3447
3448
3449
3451
3452
3456
3454
3455
3716
7297
6772
6773
10379
9021
4599
103
5371
3458
3459
3460
3717
4261
3108
3109
3111
3112
3113
3115
3117
3118
3119
3122
3123
3125
3126
3127
114548
29108
834
3606
90865
8743
8797
8795
8794
8793
356
355
7132
7416
54205
842
2932
3836
3838
7919
7514
3267
5578
5894
5604
5605
5594
5595
91543
2224
60
71
10625
10898
8106
390748
100529063
10482
56001
728343
55998
56000
29107
55916
8480
11100
4928
5045
84000
5340
293
5579
