hsa04666
102723407
2209
2212
5788
3055
4067
6850
5290
5293
5291
5294
5295
23533
5296
8503
207
208
10000
6198
6199
5335
5336
5580
5581
5894
5604
5594
5595
4082
65108
5337
5338
8611
8613
8612
8877
56848
5578
5579
5582
653361
2934
85477
10451
7409
7410
998
7454
8976
7408
10092
81873
10093
10094
10095
10552
10109
5879
5880
8936
10163
10810
5058
3984
3985
1072
1073
23396
8394
8395
382
1398
1399
1794
50807
55616
8853
2213
3635
3636
9846
27040
273
274
4651
100137049
123745
1785
2214
255189
283748
5321
8398
