hsa04141
29927
55176
10952
23480
7095
11231
6184
6185
1603
7991
1650
3703
201595
7841
10970
6238
64374
10525
3309
51726
64215
5611
54431
7184
23193
5589
821
2923
811
11253
10905
57134
4121
10960
3998
79748
10113
56681
51128
6396
22872
25956
10483
10484
10427
10802
9632
9871
55757
56886
9695
55741
80267
5034
9601
10130
10961
81567
30001
56605
10956
27248
6745
6746
6747
6748
10134
23471
79139
51009
91319
80700
55968
258010
7415
55666
7353
3312
3303
3306
3305
3304
3310
3301
10294
3337
3300
54788
80331
85479
285126
3320
3326
10808
22824
573
9532
23640
1409
102724652
1410
55432
9373
5887
5886
29979
29978
50613
56893
143630
55768
4287
92552
10277
27102
5610
9451
440275
1965
4780
468
23645
1649
596
22926
1388
7466
8720
51360
7494
2081
7186
4217
5609
5599
5602
5601
581
578
823
824
100506742
10299
51465
118424
7326
7327
84447
6048
91445
55829
6400
80343
9709
267
10273
51619
7321
7322
7323
5071
9978
8454
6500
26232
26270
