hsa05142
7099
148022
7097
10333
54106
4615
3654
51135
7189
6416
5599
5602
5601
5594
5595
5600
6300
5603
1432
2353
3725
8517
1147
3551
4792
4790
5970
3456
6352
6347
7124
3592
3593
3569
3576
6348
6349
414062
3553
5519
5518
5520
5521
5522
55844
5515
5516
3458
3459
3460
7132
4843
718
811
712
713
714
3586
7040
7042
7043
1636
624
2776
2767
9630
2769
23236
5330
5331
5332
2770
2773
2771
2775
2778
2774
107
5295
23533
5296
8503
5290
5293
5291
5294
207
208
10000
7048
7046
4087
4088
5054
356
355
8772
841
8837
915
916
917
919
3558
