hsa04010
773
774
775
776
777
778
8913
8912
8911
779
781
9254
55799
93589
782
783
784
785
786
10369
10368
27092
27091
59285
59284
59283
5566
5567
5568
5578
5579
5582
2768
55970
5530
5532
5533
5534
5535
5923
5924
10125
10235
25780
115727
9693
4763
5921
5922
5906
5908
4803
627
4908
4909
1950
2246
2247
2248
2249
8822
2251
2252
2253
2254
2255
2256
2257
2258
2259
8823
2250
8817
9965
26281
26291
27006
8074
5154
5155
4914
4915
1956
2260
2263
2261
2264
5156
5159
2885
6654
6655
3265
3845
4893
6237
22800
22808
673
5894
4342
5604
5605
8649
5594
5595
8569
2872
6197
6195
6196
27330
468
2002
2005
4609
6722
2353
4137
3925
123745
5321
8681
100137049
8605
283748
255189
7124
3552
3553
7040
7042
7043
7132
3554
7850
7046
7048
356
355
929
5879
5880
5881
998
836
7186
1616
7189
1647
4616
10912
10454
23118
51295
8491
9448
11184
5058
5062
6789
6788
5871
1326
4214
4296
10746
4215
9175
7786
51776
9064
4217
6885
4216
9344
51347
57551
6416
5609
5606
5608
9479
23542
23162
2316
2318
2317
1398
1399
408
409
5599
5602
5601
5600
6300
5603
1432
8550
9261
7867
9252
8986
994
4772
4775
3725
3727
1386
7157
1649
4149
4208
3315
207
208
10000
5494
5801
84867
5778
1843
1846
1844
1849
1850
1847
1848
80824
1852
11221
1845
5536
100506012
5495
3312
3303
3306
3305
3304
3310
2122
5607
5598
3164
9020
1147
3551
8517
51701
4790
4791
5970
5971
