hsa04810
2147
2149
929
3630
1950
2246
2247
2248
2249
8822
2251
2252
2253
2254
2255
2256
2257
2258
2259
8823
2250
8817
9965
26281
26291
27006
8074
5154
5155
56034
80310
3645
1956
2260
2263
2261
2264
5156
5159
2335
3672
3673
3674
3675
3676
3678
3655
3679
8516
3680
8515
22801
3685
3683
3684
3687
3681
3682
3688
3689
3690
3691
3693
3694
3695
3696
623
624
1128
1129
1131
1132
1133
2768
10672
55970
2245
89846
5747
9564
1398
1399
1793
6714
6654
6655
3265
3845
4893
6237
22800
22808
9459
5290
5293
5291
5294
5295
23533
5296
8503
10451
7409
7410
7074
369
673
5894
4342
5604
5605
5594
5595
9138
23365
2909
387
5879
5880
5881
998
5058
5062
5063
10298
56924
106821730
57144
8874
28964
6093
9475
4638
85366
91807
340156
5499
5500
5501
4659
4660
54776
4633
4636
58498
10398
93408
103910
10627
29895
1729
1730
6548
23396
8394
8395
79837
5305
8396
200576
3984
3985
81624
10458
55740
7454
8976
10163
23191
26999
10787
3071
10152
55845
8936
10092
81873
10093
10094
10095
10552
10109
60
71
345456
5216
5217
375189
5829
7430
5962
4478
7114
9087
1072
1073
54434
54961
85464
7414
8826
10788
128239
2934
85477
87
88
89
81
324
10297
50649
221178
4627
4628
79784
