hsa05322
712
713
714
717
720
721
3014
8338
85235
221613
92815
83740
3012
8335
55506
9555
723790
55766
474382
8336
8337
8969
317772
94239
3013
3015
8330
8334
8329
8331
8332
474381
8341
8345
8342
158983
255626
440689
8348
3018
8339
8340
8347
3017
8344
8346
8349
8970
85236
128312
8343
286436
440093
3021
8351
8352
8350
3020
8290
126961
333932
653604
8353
8354
8355
8356
8357
8358
8968
121504
554313
8294
8360
8361
8362
8363
8364
8365
8366
8367
8368
8370
8359
8369
6628
6632
6634
2903
2904
6737
6738
6741
87
88
89
81
3108
3109
3111
3112
3113
3115
3117
3118
3119
3122
3123
3125
3126
3127
941
942
940
959
958
7124
3458
3586
102723407
715
716
718
727
729
730
731
732
733
735
1511
1991
2209
2212
2214
2215
