hsa05034
7054
1644
6570
6571
4129
4128
6531
2902
2903
2904
2905
2906
116443
116444
3065
3066
8841
9759
10014
10013
51564
55869
9734
83933
79885
3014
8338
85235
221613
92815
83740
3012
8335
55506
9555
723790
55766
474382
8336
8337
8969
317772
94239
3013
3015
8330
8334
8329
8331
8332
474381
8341
8345
8342
158983
255626
440689
8348
3018
8339
8340
8347
3017
8344
8346
8349
8970
85236
128312
8343
286436
440093
3021
8351
8352
8350
3020
8290
126961
333932
653604
8353
8354
8355
8356
8357
8358
8968
121504
554313
8294
8360
8361
8362
8363
8364
8365
8366
8367
8368
8370
8359
8369
8520
1812
2778
1813
2770
2773
2771
2775
2782
2783
2784
59345
10681
54331
2785
2786
2787
2788
94235
2790
2791
55970
51764
2792
2793
135
136
111
1385
1386
468
10488
90993
64764
84699
148327
9586
1388
1392
4852
627
4915
6464
25759
53358
399694
2885
6654
6655
3265
3845
4893
369
673
5894
5604
5594
5595
5173
810
805
808
801
163688
51806
91860
84254
10645
814
2354
84152
5499
5500
5501
5569
2030
5566
