hsa00240
790
1723
7372
51727
129607
10201
29922
4831
4833
4830
4832
654364
221264
87178
956
377841
953
124583
9583
957
955
1503
56474
25885
84172
30834
221830
64425
5430
5431
5432
5433
5434
5435
5436
5437
5438
5441
5439
548644
246721
5440
11128
55703
10623
661
55718
101060521
9533
51728
51082
171568
84265
10622
10621
5422
23649
5557
5558
5424
5425
10714
57804
5426
5427
54107
56655
83549
7371
54963
22978
84618
93034
30833
56953
51251
115024
100526794
4907
151531
7378
139596
1806
1807
51733
5167
5169
7296
10587
114112
6240
50484
6241
79077
1854
7298
978
1890
4860
1633
1635
7084
7083
1841
318
