hsa04024
2488
153
1812
1816
135
3360
3362
5732
117
7434
7253
4158
2740
2696
139760
2492
4881
2778
4852
51738
154
3350
3351
3352
3354
3355
1128
1129
1813
2550
9568
134
1909
4886
6751
6752
6755
27198
338442
8843
2867
56670
5733
5021
2693
2770
2773
2771
107
108
109
196883
111
112
113
114
115
55811
610
10021
1259
1260
1261
1262
1258
54714
810
805
808
801
163688
51806
91860
815
817
816
818
814
10257
10411
11069
6237
22800
5337
5338
51196
5599
5602
5601
5906
5908
7074
10451
7409
7410
5879
5880
5881
5058
64411
387
4301
5290
5293
5291
5294
5295
23533
5296
8503
207
208
10000
673
5894
5604
5605
5594
5595
5566
5567
5568
84152
5499
5500
5501
1385
10488
90993
64764
84699
148327
9586
1387
2033
627
2353
3725
2737
2735
5727
64399
4792
4790
5970
6662
268
5465
8310
51
4772
2149
572
3991
6093
9475
4659
10398
7137
5350
6262
2902
2903
2904
2905
2906
116443
116444
2890
2891
2892
2893
1080
476
477
478
480
23439
481
482
483
486
5348
6548
84876
490
492
493
491
775
776
778
779
5139
5140
5141
5142
5143
5144
488
