hsa04080
1128
1129
1131
1132
1133
148
147
146
150
151
152
153
154
155
1812
1813
1814
1815
1816
3269
3274
11255
59340
3350
3351
3352
3354
3355
3356
3357
3358
3360
3361
3362
3363
134860
319100
134864
83551
9038
9287
185
186
4829
2925
680
623
624
728
719
2357
2359
2358
187
886
887
1909
1910
4157
4158
4159
4160
4161
4886
4887
5540
100996758
105379861
4889
10888
4923
23620
4985
4986
4988
4987
6751
6752
6753
6754
6755
6869
6865
6870
552
553
554
5021
2587
8811
8484
2147
1511
3001
5340
5646
5645
5644
2149
2150
2151
9002
56288
3061
3062
64106
10886
2837
10316
56923
2847
84539
2488
2492
7252
3973
7253
5729
5731
5732
5733
5734
5737
5739
6915
134
135
136
140
5029
5028
5030
5031
10161
27334
9934
286530
5032
53829
2846
2859
1268
1269
5724
2798
7201
2693
84634
4543
4544
9248
1901
1902
1903
9170
9294
8698
23566
53637
1241
56413
4142
59350
122042
51289
339403
10800
57105
799
10203
1394
1395
2696
2740
9340
2642
2692
5745
5746
117
6344
7433
7434
2911
2912
2913
2914
2915
2916
2917
2918
2550
9568
165829
2862
2831
2832
2834
2902
2903
2904
2905
2906
116443
116444
2554
2555
2556
2557
2558
2559
2560
2562
2561
2563
2564
2565
2566
2567
2568
2569
2570
200959
55879
1134
1135
1136
1137
1138
8973
1139
55584
57053
1140
1141
1142
1143
1144
1145
1146
5023
22953
5024
5025
5026
5027
9127
1081
3972
2890
2891
2892
2893
2897
2898
2899
2900
2901
2894
2895
2741
2742
8001
2743
7442
706
2908
2688
2689
1442
1443
2690
7067
7068
3952
3953
5617
5618
