hsa04064
3932
7535
27040
5335
5588
102723407
6850
4067
29760
695
5336
5579
29775
84433
79092
8915
10892
3553
3554
4615
3654
51135
7189
7124
7132
8737
8717
7186
7188
329
330
23586
7706
3929
929
7099
23643
114609
353376
148022
959
958
7187
8600
8792
4049
4050
8740
4055
9020
6885
10454
23118
257397
10673
115650
8517
1147
3551
51588
7329
472
55367
23085
4792
4790
5970
8837
331
598
596
7185
597
4791
3576
7128
5743
6351
9560
388372
7412
5328
1457
1459
283106
1460
5971
6357
6363
6366
6387
3383
142
2920
4616
