hsa05152
7124
7132
8717
8772
841
843
836
637
581
54205
842
317
207
208
10000
572
596
815
817
816
818
3458
3459
3460
3716
3717
6772
4261
5993
8625
5994
4800
4801
4802
1385
3108
3109
3111
3112
3113
3115
3117
3118
3119
3122
3123
3125
3126
3127
972
1387
2033
3586
3587
3588
1520
26253
2207
64581
6714
6850
64170
10892
8915
64127
8767
3313
3329
3929
7097
7096
10333
7099
929
114609
4615
51135
3654
3656
7189
4790
5970
5600
6300
5603
1432
5594
5595
5599
5602
5601
4843
3569
3592
3593
3606
51561
3552
3553
1051
1054
54106
3439
3440
3441
3442
3443
3444
3445
3446
3447
3448
3449
3451
3452
3456
10332
30835
23365
387
4046
1263
8844
5894
7040
7042
7043
1594
7421
820
718
1378
3687
3689
3684
22925
4360
9902
8877
56848
810
805
808
801
163688
51806
91860
5289
5868
5869
5878
8411
7879
1509
10312
23545
50617
535
9114
245972
51606
537
527
533
3916
3920
5530
5532
5533
5534
5535
11151
102723407
2209
2212
2213
9103
2214
2215
