hsa05162
4478
10332
30835
6869
4179
6504
4068
2534
1796
5588
3596
3565
915
916
917
940
3558
3559
3560
3561
5295
23533
5296
8503
5290
5293
5291
5294
207
208
10000
2932
3716
3718
6774
6776
6777
23586
64135
57506
9641
29110
3661
51284
54106
4615
3654
51135
3665
1147
7097
7099
7189
6885
23118
4793
4792
4790
5970
1457
1459
283106
1460
7128
3439
3440
3441
3442
3443
3444
3445
3446
3447
3448
3449
3451
3452
3456
3552
3553
3569
3592
3593
102723407
2213
3454
3455
10399
7297
6772
6773
10379
3458
3459
3460
3717
4938
4939
4940
103
4599
595
894
896
898
9134
1019
1021
1017
1027
9367
51209
3312
3303
3306
3305
3304
3310
8667
27102
5610
9451
440275
1965
25898
7157
7161
27113
356
355
8743
8797
8795
8794
8793
868
