hsa04144
7040
7042
7043
7046
7048
9372
9765
5371
4087
4088
7037
1956
2321
3791
5156
2263
2261
2264
3480
4233
4914
2065
2066
3815
5979
1436
1950
1759
1785
26052
382
23396
8394
8395
138429
5337
5338
1211
1212
1213
8218
161
160
163
1173
1175
30846
23624
867
868
4734
23327
4193
7189
10193
83737
57154
64750
11059
30011
6457
6456
6455
51100
56904
273
274
29924
55040
22905
2060
58513
23111
3949
26119
1601
1234
3577
3579
7852
2149
153
154
155
131890
6011
156
157
2868
2869
2870
408
409
7454
8976
10095
10552
10109
10094
10093
10092
81873
147179
7456
644150
3312
3303
3306
3305
3304
3310
9829
23325
9897
253725
387680
100287171
51019
829
830
93661
832
51699
112936
9559
55737
29934
8724
9101
10617
7879
9146
10254
8027
7251
93343
89853
51160
155382
137492
79720
55048
11267
51028
84313
79643
92421
128866
29082
51652
100526767
27243
25978
91782
9525
27183
51534
57132
5119
51510
9798
10015
51324
3482
6642
6643
254122
27131
58533
6714
3265
3559
3560
3561
387
3105
3106
3107
3134
3135
3133
2348
2350
2352
390243
857
858
859
30845
30844
8411
5868
5869
5878
9135
64145
5867
80230
10938
11311
8723
57403
11031
10890
4218
11021
8766
9230
22841
80223
26056
118813
3798
3799
3800
84440
9727
56288
50855
84552
84612
5590
5584
998
64744
60682
28964
9815
50807
55616
8853
116983
23527
9744
116985
116984
64411
116987
116988
116986
55738
26286
84364
23362
23550
5662
84249
23096
9922
440073
9265
27128
9266
9267
10564
10565
8729
375
377
381
