hsa04114
3630
3479
3480
5241
367
107
108
109
196883
111
112
113
114
115
5566
5567
5568
6790
64506
132864
22849
80315
4342
5604
5594
5595
6197
6195
6196
27330
9088
7534
7529
10971
7531
7533
7532
245711
387778
100310812
100505767
100996746
102723555
102723849
285955
388333
441272
441273
442590
729597
983
1017
5499
5500
5501
9748
5347
995
9978
8454
6500
8945
23291
26271
64682
29882
996
29945
51433
8881
51434
8697
10393
51529
246184
25847
991
286151
9232
10744
9700
9985
10734
8243
27127
9126
699
4085
10459
898
9134
151648
5526
5527
5528
5529
5525
5519
5518
5515
5516
89869
3708
3709
3710
810
805
808
801
163688
51806
91860
5530
5532
5533
5534
5535
815
817
816
818
6300
891
9133
