hsa04724
81539
54407
27165
2744
57084
246213
57030
2897
2898
2899
2900
2901
2890
2891
2892
2893
2902
2903
2904
2905
2906
116443
116444
5530
5532
5533
5534
5535
1742
9229
85358
50944
22941
7220
2911
2915
9456
9455
9454
2776
23236
5330
5331
5332
5578
5579
5582
3708
3709
3710
123745
5321
8681
100137049
8605
283748
255189
5337
5338
5594
5595
2778
107
108
109
196883
111
112
113
114
115
5566
5567
5568
2912
2913
2914
2916
2917
2918
2770
2773
2771
2775
2782
2783
2784
59345
10681
54331
2785
2786
2787
2788
94235
2790
2791
55970
51764
2792
2793
156
157
3760
773
6506
6512
6505
6511
775
776
6507
2752
10991
