hsa04932
3569
3570
9021
7124
7132
4790
5970
3630
3643
3667
8660
5290
5293
5291
5294
5295
23533
5296
8503
207
208
10000
2931
2932
10062
6256
6720
6945
22877
51085
5313
3952
3953
9370
51094
79602
5562
5563
5564
5565
5571
53632
51422
5465
998
5879
4296
5599
5602
5601
83737
2081
7186
4217
3725
3552
3553
3551
7494
1050
1571
356
3576
7040
9451
1965
468
1649
10018
581
355
841
637
54205
836
840
4723
4729
4731
4694
4695
4696
4697
56901
4698
4700
4701
4702
4704
4705
4706
126328
55967
51079
4707
4708
4709
4710
4711
4712
4713
4714
4715
4716
54539
4719
4720
4722
4724
4725
4726
374291
4728
4717
4718
100532726
6389
6390
6391
6392
7386
4519
1537
7384
7385
7388
440567
7381
27089
29796
10975
4514
4512
4513
84701
1327
9377
1329
1337
1339
1340
125965
1345
1346
1347
9167
1349
170712
1350
341947
1351
