hsa04922
207
208
10000
5140
2641
2642
2778
108
5566
5567
5568
1385
1386
468
10488
90993
64764
84699
148327
9586
55671
57223
5531
200186
23235
1387
2033
10891
102724428
150094
2776
23236
5330
5331
5332
3708
3709
3710
5530
5532
5533
5534
5535
815
817
816
818
2308
23411
5465
3276
2538
57818
92579
5105
5106
1374
1375
126129
2998
2997
5257
5256
5255
5260
5261
810
805
808
801
163688
51806
91860
5836
5837
5834
5207
5562
5563
5564
5565
5571
53632
51422
31
32
6513
6514
2645
5223
5224
441531
5315
5161
5160
5162
160287
92483
3939
3945
3948
2203
5211
