hsa05145
3458
3459
3460
3716
3717
6772
4261
3108
3109
3111
3112
3113
3115
3117
3118
3119
3122
3123
3125
3126
3127
345611
4843
8651
4615
3654
51135
7189
6885
10454
23118
5594
5595
5599
5602
5601
5606
5608
5600
6300
5603
1432
1147
3551
8517
4792
4793
4790
5970
3592
3593
7124
596
598
329
330
331
79444
112401
23643
7099
3312
3303
3306
3305
3304
3310
7097
284217
3908
3909
3911
3910
3912
3913
3914
22798
3915
3918
10319
3655
3688
3949
7132
841
836
54205
842
2770
2773
2771
2775
5290
5293
5291
5294
5295
23533
5296
8503
5170
207
208
10000
572
959
958
10105
1234
240
3586
3587
3588
7297
6774
7040
7042
7043
