hsa04261
153
154
2778
107
108
109
196883
111
112
113
114
115
5566
5567
5568
476
477
478
480
23439
481
482
483
486
6548
3784
3753
490
492
493
491
6331
6332
6324
6330
775
776
778
779
782
783
784
785
781
9254
55799
93589
786
10369
10368
27092
27091
59285
59284
59283
810
805
808
801
163688
51806
91860
815
817
816
818
6262
5515
5516
5519
5518
5520
5521
5522
55844
28227
55012
5523
5526
5527
5528
5529
5525
5499
5500
5501
7134
7137
7139
7168
7169
7170
7171
70
4625
4624
4633
4634
4635
5350
185
186
148
147
146
2776
23236
5330
5331
5332
5578
5502
5594
5595
9252
1385
1386
468
10488
90993
64764
84699
148327
9586
1388
1390
596
10411
11069
5600
6300
5603
1432
2770
2773
2771
5290
5293
5291
5294
5295
23533
5296
8503
207
208
10000
488
6546
