hsa04071
10558
9517
55304
29956
204219
253782
10715
79603
91012
8560
123099
6609
259230
166929
7124
7132
8439
6610
427
56624
340485
125981
8717
7186
1509
637
581
4217
5599
5602
5601
5600
6300
5603
1432
5590
207
208
10000
596
5515
5516
5519
5518
5520
5521
5522
55844
28227
55012
5523
5526
5527
5528
5529
5525
7157
2205
2206
2207
2534
9846
5290
5293
5291
5294
5295
23533
5296
8503
5337
5338
8877
56848
134
140
624
4985
2770
2773
2771
23236
5330
5331
5332
5581
5594
5595
81537
130367
4363
8879
1901
9294
3265
3845
4893
5894
5604
5605
5170
4846
5879
5880
5881
1903
2776
5578
5579
5582
8698
53637
2768
10672
387
6093
9475
5728
4790
5970
