hsa04921
5020
5021
2776
3265
3845
4893
5894
5604
5605
5594
5595
123745
5321
8681
100137049
8605
283748
255189
5743
5607
5598
3725
2353
4208
595
2002
6261
6262
6263
952
7226
3759
3768
3761
3770
23236
5330
5331
5332
5578
5579
5582
29904
101930123
1938
775
776
778
779
782
783
784
785
781
9254
55799
93589
786
10369
10368
27092
27091
59285
59284
59283
3708
3709
3710
810
805
808
801
163688
51806
91860
5530
5532
5533
5534
5535
4772
4773
4775
4776
5997
1827
84254
10645
5562
5563
5564
5565
5571
53632
51422
57118
57172
8536
815
817
816
818
814
4846
2977
2982
2983
4881
4882
4638
85366
91807
340156
140465
4637
10398
60
71
387
6093
9475
5499
5500
5501
4659
4660
54776
2778
107
108
109
196883
111
112
113
114
115
5566
5567
5568
2770
2773
2771
2775
5290
5293
5291
5294
5295
23533
5296
8503
6714
3760
3763
3765
3762
1956
1026
