hsa04914
5241
5295
23533
5296
8503
5290
5293
5291
5294
5599
5602
5601
5600
6300
5603
1432
2770
2773
2771
107
108
109
196883
111
112
113
114
115
5566
5567
5568
64506
132864
22849
80315
245711
387778
100310812
100505767
100996746
102723555
102723849
285955
388333
441272
441273
442590
729597
1017
983
890
8900
4342
3320
3326
5604
5594
5595
6197
6195
6196
27330
9088
891
9133
85417
5347
993
994
995
3630
3479
3480
207
208
10000
5140
3845
369
673
5894
699
8379
4085
10459
51343
64682
29882
996
29945
51433
8881
51434
8697
10393
51529
246184
25847
