hsa04919
5566
5567
5568
3685
3690
3265
3845
4893
5894
5604
5605
5594
5595
6772
7157
2099
7068
9611
25942
3065
3066
8841
7067
6256
6257
6258
8850
2648
8648
10499
8202
1387
2033
29079
116931
9968
23389
9969
9282
10025
9440
9862
9442
90390
5469
595
2626
1827
3091
4609
5350
54361
1499
4851
4853
4854
4855
23236
5330
5331
5332
5333
113026
84812
51196
5335
5336
89869
5578
5579
5582
6548
476
477
478
480
23439
481
482
483
486
6567
117247
6714
5290
5293
5291
5294
5295
23533
5296
8503
5170
207
208
10000
2932
4193
7249
6009
2475
9882
5208
572
2308
842
10231
6513
53919
1733
1734
1735
60
71
4624
488
5214
652
