hsa03008
1460
1457
1459
283106
65083
27341
23160
84916
84135
55127
84128
51096
134430
10607
10885
55813
5822
10199
643802
55272
92856
6949
2091
10528
51602
4809
1736
55651
54433
55505
51077
9724
10813
29102
10436
9790
55226
10171
10940
10557
10775
51367
138716
54913
10248
10556
10799
100288562
57455
101929601
101930111
81691
101929627
25996
54464
22803
23560
29889
26354
54552
4931
23195
55131
28987
5901
7514
51068
10482
56001
728343
55998
56000
29107
55916
3692
51119
79631
55341
166378
102157402
83732
55781
4549
4550
100169751
100169767
100169757
100169762
100169756
100169764
100169755
100169754
100169753
100169761
100169763
100169759
100169758
100169765
100169766
100169768
100169760
780851
780853
780852
26851
6023
