hsa04550
3976
3977
3572
3716
3717
3718
6774
9314
6657
4609
2885
5604
5605
5594
5595
5290
5293
5291
5294
5295
23533
5296
8503
207
208
10000
6926
79923
3624
3625
3626
83729
4838
91
130399
92
93
4087
4088
650
652
657
658
90
659
4086
4090
4093
4089
3397
3398
3399
3400
1852
5600
6300
5603
1432
7471
7472
7482
7473
89780
54361
7474
81029
7475
7476
7477
7478
7479
7483
7484
7480
80326
7481
51384
8321
8324
2535
7976
8322
7855
8325
8323
11211
8326
1857
1856
1855
2932
8312
8313
324
10297
1499
6929
2103
6927
5460
5462
2247
2260
2263
2261
2264
3265
3845
4893
5894
3479
3480
8820
7547
6498
56916
7994
9869
3720
5978
55183
84759
7703
10336
648
100532731
84333
84108
5080
4211
64211
5013
4762
9421
1749
4617
3175
3670
463
80712
3211
7044
