hsa04380
1435
1436
2885
5594
5595
5290
5293
5291
5294
5295
23533
5296
8503
207
208
10000
3458
3459
3460
6772
3552
3553
3554
7124
7132
7040
7042
7046
7048
8600
8792
4982
7186
7189
3932
2534
9020
1147
5971
4791
6885
10454
23118
8517
3551
4792
5970
4790
4773
4772
3456
5604
5608
5600
6300
5603
1432
5609
5599
5602
5601
2353
2354
2355
8061
3725
3727
3726
5879
50508
27035
1536
1535
4688
653361
4689
695
7006
126014
10288
10859
10990
11006
11024
11025
11026
11027
23547
79168
353514
102725035
2209
2212
2213
9103
2214
2215
54209
140885
55423
10326
7305
6850
29760
3937
5336
5530
5532
5533
5534
5535
814
1385
6688
4286
1513
54
799
3690
5468
3454
3455
3716
7297
6773
10379
8651
9021
9846
2274
1540
8878
