hsa05161
3339
5599
5602
5601
7040
7042
7043
7046
1026
4609
1959
1960
1387
2033
356
355
8772
841
843
1642
1643
4214
7534
7529
10971
6416
4792
4790
5970
4318
596
5290
5293
5291
5294
5295
23533
5296
8503
207
208
10000
1147
3551
8517
572
7157
5728
100506742
317
10542
332
581
54205
842
836
7419
4772
4773
4775
4776
7124
2185
6714
2885
3265
3845
4893
3725
4089
1386
3576
5111
3716
6772
6773
6774
6775
6776
6777
6778
537
5578
5579
5582
5894
5604
5605
5594
5595
1385
10488
90993
64764
84699
148327
468
9586
1388
2353
2002
1654
3439
3440
3441
3442
3443
3444
3445
3446
3447
3448
3449
3451
3452
3454
7098
148022
23586
64135
57506
9641
29110
3661
3665
7099
353376
3456
7097
114609
4615
3569
595
1019
1021
5925
1869
1870
1871
1027
898
9134
1017
890
8900
4088
