hsa04670
83700
3684
3689
58494
3676
3688
5175
4267
3683
50848
1003
1364
1365
1366
149461
10686
23562
24146
26285
49861
5010
51208
53842
7122
9071
9073
9074
9075
9076
9080
137075
644672
100132463
100506658
90952
7412
7430
4478
60
71
5290
5293
5291
5294
5295
23533
5296
8503
5879
50508
27035
1536
1535
4688
653361
4689
1499
1500
29119
1495
1496
5781
4313
4318
5600
6300
5603
1432
3383
5335
5336
5578
5579
5582
5747
5829
9564
7070
2909
394
387
6093
9475
4633
4636
58498
10398
93408
103910
10627
29895
4301
5906
5908
6494
7408
87
88
89
81
7414
6387
7852
2770
2773
2771
10411
11069
83593
2185
3702
7294
10451
7409
7410
5880
998
399
