hsa05169
1380
5430
5431
5432
5439
548644
246721
5433
5436
5438
5434
5435
5437
5440
5441
11128
55703
9533
51082
10623
661
55718
101060521
10621
84265
10622
171568
51728
7514
5901
8021
3105
3106
3107
3134
3135
3133
952
6693
105369247
983
26993
3312
3303
3306
3305
3304
3310
3315
3316
7534
7529
10971
7531
7533
7532
2959
27044
2960
2961
9759
10014
22938
9612
11317
3516
6688
3065
3066
1387
2033
5757
100506248
2208
2268
4609
7157
387332
9519
6908
1026
4193
5701
5700
5704
5706
5702
5705
5708
5707
5709
5718
5717
9861
5713
5719
5710
10213
5714
7979
7874
5566
5567
5568
1457
1459
283106
1460
1027
890
8900
1017
5925
6502
5290
5293
5291
5294
5295
23533
5296
8503
207
208
10000
2932
7185
7186
7187
7188
9020
1147
5971
4791
8717
8737
8517
3551
4793
4792
4794
4790
5970
3654
7189
10454
23118
6885
5606
5608
5600
6300
5603
1432
6416
5609
5599
5602
5601
3725
1386
3718
956
377841
953
958
960
3683
965
3383
7431
7128
596
102723407
4067
6850
5335
5336
930
4734
23586
3458
29110
3661
3586
27102
5610
9451
440275
3587
3588
3716
7297
6774
3113
3115
3117
3118
3119
3122
3123
3125
3126
3127
