hsa04070
5297
5298
55361
55300
23396
8394
8395
4952
3633
56623
8867
8871
5290
5293
5291
5294
5295
23533
5296
8503
5728
3635
3636
3631
8821
200576
4534
8776
8898
8897
9110
55613
9107
9108
64419
79837
5305
8396
90809
55529
5289
5288
5286
5287
23236
5330
5331
5332
5333
113026
84812
51196
5335
5336
89869
253430
3707
3706
80271
51763
27124
3632
3705
64768
9807
51447
117283
9677
23262
3628
3613
3612
54928
8525
8527
9162
1606
8526
1607
160851
1608
1609
139189
1040
8760
10423
3708
3709
3710
5578
5579
5582
810
805
808
801
163688
51806
91860
