hsa04066
3569
3570
6774
7099
3458
3459
3460
5970
4790
3630
1950
3479
3643
1956
3480
2064
5604
5605
5594
5595
8569
2872
5290
5293
5291
5294
5295
23533
5296
8503
207
208
10000
2475
1978
1977
9470
253314
6198
6199
6194
3091
7428
9978
6921
6923
8453
54583
112399
112398
405
1387
2033
50508
27035
1536
5335
5336
5578
5579
5582
815
817
816
818
7076
4055
2056
7018
7037
7422
2321
5054
284
285
51378
7010
1906
4843
4846
4878
6513
5163
3101
3098
3099
80201
2597
2027
2026
2023
5209
596
1026
1027
5161
5160
5162
226
3162
3939
5211
5230
