hsa04611
6915
2149
9002
10672
9138
23365
387
6093
9475
5499
5500
5501
4659
103910
10627
5023
84876
3708
3709
3710
6786
4638
85366
91807
340156
5028
2776
23236
5330
5331
5332
5590
5584
10125
10235
5906
5908
54518
7094
83660
3674
3690
83706
2243
2244
2266
64805
2770
2773
2771
107
108
109
196883
111
112
113
114
115
5739
2778
5290
5293
5291
5294
5295
23533
5296
8503
5566
5567
5568
7408
60
71
6714
2909
2212
6850
1277
1278
1281
51206
2207
4067
2534
3673
3688
3937
5336
695
7450
2814
2811
2812
2815
207
208
10000
4846
2977
2982
2983
5592
5593
5600
6300
5603
1432
5594
5595
123745
5321
8681
100137049
8605
283748
255189
5742
6916
8773
8673
