hsa04152
6885
6794
51719
81617
92335
55437
3952
3953
84254
10645
148
9370
51094
79602
5562
5563
5564
5565
5571
53632
51422
5207
5208
5209
5210
2203
8789
5213
5214
5211
3172
2538
57818
92579
5105
5106
200186
1385
10488
90993
64764
84699
148327
9586
10891
1994
595
890
8900
29904
101930123
1938
2308
2309
23411
6517
2998
2997
3991
3156
6720
2194
31
6319
79966
23417
1374
1375
126129
5515
5516
5519
5518
5520
5521
5522
55844
28227
55012
5523
5526
5527
5528
5529
5525
23216
5862
4218
10890
9230
51552
1080
948
3479
3480
3630
3643
3667
8660
8471
5290
5293
5291
5294
5295
23533
5296
8503
5170
207
208
10000
7249
7248
6009
2475
57521
84335
6198
6199
1978
5468
32
8408
