hsa05010
102
6868
351
8883
322
2597
23621
25825
10313
57142
55851
5663
5664
23385
51107
83464
3416
4311
4723
4729
4731
4694
4695
4696
4697
56901
4698
4700
4701
4702
4704
4705
4706
126328
55967
51079
4707
4708
4709
4710
4711
4712
4713
4714
4715
4716
54539
4719
4720
4722
4724
4725
4726
374291
4728
4717
4718
100532726
6389
6390
6391
6392
7386
4519
1537
7384
7385
7388
440567
7381
27089
29796
10975
4514
4512
4513
84701
1327
9377
1329
1337
1339
1340
125965
1345
1346
1347
9167
1349
170712
1350
341947
1351
498
506
509
513
514
4508
515
516
517
518
10476
539
522
4509
3028
4023
348
4035
355
7132
8772
841
637
810
805
808
801
163688
51806
91860
5530
5532
5533
5534
5535
572
54205
317
842
836
2776
23236
5330
5331
5332
2902
2903
2904
2905
2906
775
776
778
779
5594
5595
6263
3708
3709
3710
487
489
488
22926
2081
9451
100506742
4842
823
824
8851
1020
4137
2932
840
6622
7124
3553
