hsa04210
8743
8797
8795
8794
8793
356
355
8772
7124
7132
8717
8837
841
843
839
836
840
637
581
578
56616
5414
27429
54205
317
842
5551
3002
10376
7277
7278
7846
84790
51807
112714
113457
79861
4170
60
71
6708
6709
4000
4001
84823
10038
142
10039
143
1676
1677
2021
9131
2081
7186
3708
3709
3710
823
824
100506742
9451
1965
468
1649
1508
1075
1509
8722
1512
1513
1514
1519
1520
1515
1521
1522
329
330
331
332
10018
598
596
1616
8737
153090
4217
5599
5602
5601
572
3725
2353
7157
8739
9020
1147
3551
8517
4792
4790
5970
5783
1647
4616
10912
7185
597
472
55367
63970
27113
5366
835
4803
4914
3562
3563
1439
5290
5293
5291
5294
5295
23533
5296
8503
5170
207
208
10000
3265
3845
4893
5894
5604
5605
5594
5595
