hsa00230
53343
56985
11164
5236
55276
221823
5634
5631
5471
2618
5198
10606
158
471
353
22978
84618
93034
30833
56953
51251
115024
100526794
4907
4860
3251
3614
3615
10201
29922
4831
4833
4830
4832
654364
221264
956
377841
953
124583
9583
957
955
131870
3704
7498
318
8833
2766
51292
9615
2987
5315
5313
6240
50484
6241
1716
25885
84172
30834
221830
64425
5430
5431
5432
5433
5434
5435
5436
5437
5438
5441
5439
548644
246721
5440
11128
55703
10623
661
55718
101060521
9533
51728
51082
171568
84265
10622
10621
5422
23649
5557
5558
5424
5425
10714
57804
5426
5427
54107
56655
374659
58497
107
108
109
196883
111
112
113
114
115
55811
2977
2982
2983
2984
3000
2986
4881
4882
5136
5153
5137
5138
5139
5140
8654
5145
5158
5146
5147
5148
5149
5152
10846
50940
122622
159
271
272
270
132
1633
100
51816
122481
205
26289
204
203
390877
158067
102157402
50808
954
84284
87178
5141
5142
5143
5144
5150
27115
8622
5151
2272
22875
9060
9061
5167
5169
646625
55821
