hsa04072
1950
5154
5155
56034
80310
4254
3630
1956
5156
5159
3815
3643
2885
2549
9846
6464
25759
53358
399694
5781
6654
6655
3265
3845
4893
22808
6237
22800
5900
5898
5899
5290
5293
5291
5294
5295
23533
5296
8503
207
208
10000
7248
7249
6009
2475
387
375
382
5335
5336
102723407
2205
2206
2207
2534
6850
5578
5337
5338
123745
5321
8681
100137049
8605
283748
255189
10554
10555
56894
56895
55326
5894
5604
5605
5594
5595
23396
8394
8395
8525
8527
9162
1606
8526
1607
160851
1608
1609
139189
8611
8613
8612
551
3576
185
2149
2911
2912
2913
2914
2915
2916
2917
2918
552
553
554
1902
9170
23566
2846
57121
10161
5737
3577
3579
23236
5330
5331
5332
2768
2185
10672
9265
27128
9266
9267
2778
107
108
109
196883
111
112
113
114
115
10411
11069
1759
1785
26052
8877
