hsa04668
7124
7132
9530
8717
7186
7188
8737
329
330
6885
10454
23118
257397
6416
5609
5599
5602
5601
3725
83737
8837
5606
5608
5600
6300
5603
1432
1051
4217
9020
8517
3551
1147
4792
5970
4790
1326
5604
5594
5595
9252
8986
1385
10488
90993
64764
84699
148327
1386
468
9586
1388
11035
197259
192111
10059
8772
841
843
840
836
6347
6352
6364
2919
2920
2921
3627
6376
1435
1437
355
8809
3553
3569
3600
3976
4049
602
9021
7128
7185
2353
3726
4314
4318
4323
1906
64127
3383
6401
7412
5743
7133
7187
5290
5293
5291
5294
5295
23533
5296
8503
207
208
10000
153090
182
6374
7424
