hsa00190
4535
4536
4537
4538
4539
4540
4541
4719
4720
4722
4724
4725
4726
374291
4728
4723
4729
4731
4694
4695
4696
4697
56901
4698
4700
4701
4702
4704
4705
4706
126328
55967
51079
4707
4708
4709
4710
4711
4712
4713
4714
4715
4716
54539
4717
4718
100532726
6389
6390
6391
6392
7386
4519
1537
7384
7385
7388
440567
7381
27089
29796
10975
1352
4514
4512
4513
84701
1327
9377
1329
1337
1339
1340
125965
1345
1346
1347
9167
1349
170712
1350
341947
1351
1353
1355
10063
498
506
509
513
514
539
4508
515
516
517
518
10476
521
9551
10632
522
4509
523
525
526
245973
528
51382
90423
529
9296
9550
127124
534
51606
10312
23545
50617
535
527
533
9114
245972
8992
155066
537
495
496
479
27068
5464
64077
