hsa04620
7096
7097
10333
3929
929
23643
7098
7099
7100
51284
51311
1513
54106
5879
5290
5293
5291
5294
5295
23533
5296
8503
207
208
10000
54472
4615
114609
8772
841
51135
3654
7189
10454
23118
6885
8517
1147
3551
4792
4790
5970
1326
5604
5605
5594
5595
5606
5608
6416
5609
5600
6300
5603
1432
5599
5602
5601
3725
2353
7124
3553
3569
3592
3593
3576
6352
6348
6349
414062
6351
9560
388372
353376
148022
8737
3663
3665
6696
9641
29110
7187
3661
958
941
942
3439
3440
3441
3442
3443
3444
3445
3446
3447
3448
3449
3451
3452
3456
3454
3455
6772
3627
4283
6373
