mmu04360
80883
171171
241568
192198
18208
18209
57764
13176
18803
234779
22063
22065
22066
22067
22068
19057
19055
19056
19058
19059
18019
18021
73181
14083
14360
20779
19353
19354
170758
12540
231148
226251
319713
17973
18479
224105
18481
70584
214230
241656
11848
67653
19877
19878
107448
107449
22253
210801
19247
13636
13637
13639
13640
13638
13641
13642
13643
13835
13836
13837
13838
13839
13840
13841
13842
270190
13844
13845
13846
13848
11350
13800
218397
53972
15461
16653
18176
26413
26417
17974
50780
20315
12767
14677
14679
14678
20562
20563
20564
19876
268902
19649
117600
14270
259302
20346
20347
20348
108151
20349
20350
218877
18845
18846
243743
18844
18186
16728
16885
16886
12631
12632
11854
223881
14159
65254
12934
12568
56637
20352
20353
20354
20355
26456
20351
20356
20357
20358
20359
20360
214968
235611
140570
140571
17295
69632
110157
20130
20361
54712
16412
20423
19206
319757
18750
16202
117606
22418
22419
14365
20187
108058
12325
12323
12322
22417
30955
18706
18707
74769
18709
18708
320207
18710
228026
14064
56513
58220
93737
231637
237860
245857
12162
238057
12168
12167
