mmu04012
13645
21802
11839
13649
13866
18803
234779
108058
12325
12323
12322
18750
18751
18752
12402
208650
80794
20850
20851
20779
14083
12928
12929
11350
11352
17973
17974
18479
224105
18481
70584
214230
241656
26398
26400
26419
26420
26414
16476
13712
12223
15200
13874
13867
211323
100042150
13869
20416
216148
20418
271849
14784
20662
20663
15461
16653
18176
11836
109880
110157
26395
26396
26413
26417
17869
14388
18183
83961
30955
18706
18707
74769
18709
18708
320207
18710
11651
11652
23797
56717
58988
72508
13685
12015
56637
12576
12575
