mmu04150
20539
17254
268706
11964
11966
110935
66335
68775
73834
11973
74915
66144
66237
66290
338375
108664
66508
83409
56692
66096
68576
216805
216742
329679
68441
245670
52187
54170
74370
67605
56717
97998
56716
71718
75425
56430
14783
22241
29869
71742
13685
13684
26987
218268
58988
72508
75705
20104
105244208
320311
27401
277854
56032
17168
252875
72124
268933
319481
110379
230784
72149
227154
20869
12283
69008
105787
108079
64930
22084
67046
19744
74747
22408
22413
22414
22415
22416
22417
22418
22419
22420
22421
22422
20890
22423
216795
22412
22410
22409
22411
93735
14362
14369
57265
14365
14366
14367
14370
14368
93897
14371
16973
16974
13544
13542
13543
56637
21926
21937
16150
16334
16333
16000
16337
16001
14784
20662
20663
15461
16653
18176
109880
110157
26395
26396
26413
26417
110651
20111
20112
67071
16367
18709
18708
320207
18710
30955
18706
18707
74769
19211
18607
11651
11652
23797
12675
227743
78757
109270
11848
67653
18750
18751
18752
20393
14245
