mmu03015
433702
68092
68134
67031
60365
17149
66441
192160
668137
192170
20220
100041953
18949
56215
19826
21681
56009
100043292
53319
170722
83454
245610
56488
237082
53817
78428
51796
24018
67897
54196
382035
68219
432508
269061
216578
18789
56522
98985
74737
94230
51786
54451
54188
66899
74320
77305
19045
19046
19047
434233
68991
67337
108062
83410
228410
68188
76626
17690
70248
18458
93728
230721
381404
668382
67543
241989
18459
225363
14853
14852
19704
326622
233789
226517
229512
103677
19052
19053
51792
73699
52432
72930
269643
71978
100039815
100039830
59032
235542
19054
225849
26931
21770
26932
226849
56422
105083
