mmu04916
18976
50518
17199
14683
432530
210044
104111
104110
224129
11512
11513
11514
11515
18747
18749
12912
12913
26427
208647
208677
78284
12914
328572
17342
22408
22413
22414
22415
22416
22417
22418
22419
22420
22421
22422
20890
22423
216795
22412
22410
22409
22411
93735
14362
14369
57265
14365
14366
14367
14370
14368
93897
14371
14681
14682
13544
13542
13543
56637
12387
21414
21415
21416
16842
17311
16590
15461
16653
18176
110157
26395
26396
26413
26417
22173
22178
13190
13614
13618
14677
14679
14678
18795
18797
18798
18796
12313
80796
12315
12314
70405
494124
108058
12325
12323
12322
18750
18751
18752
