mmu05414
109700
16398
16399
16400
16401
16402
16403
16404
241226
104099
213119
319480
16410
16412
16416
192897
16419
16420
16421
320910
24052
24053
20391
24051
13138
13346
13405
11461
11465
22138
21956
21924
21954
11464
22003
22004
59069
326618
17868
17897
17906
13726
16905
11554
14683
432530
210044
104111
104110
224129
11512
11513
11514
11515
18747
18749
12288
12289
54652
12292
12295
12296
12297
12298
12293
56808
12294
319734
12299
12300
54376
54377
140723
54378
81904
81905
20191
18821
16000
21803
21808
21809
21926
11938
140781
16773
17888
20541
