mmu04540
14609
14617
14745
14677
14679
14678
18590
18591
54635
71785
13645
18595
18596
13649
14784
20662
20663
15461
16653
18176
110157
26395
26396
26413
26417
20779
26405
23938
23939
22145
22144
22142
22146
22147
22143
53857
238463
227613
22151
22152
22153
67951
22154
545486
73710
104318
12534
21872
11554
13488
14683
13489
432530
210044
104111
104110
224129
11512
11513
11514
11515
18747
18749
15558
15559
15560
14816
108071
14672
14682
18795
18797
18798
18796
16438
16439
16440
18750
18751
18752
60596
234889
239134
54195
19091
19092
