mmu05034
21823
13195
110877
214084
17161
109731
13162
14810
14811
14812
14813
14814
242443
170483
15182
433759
15183
208727
15184
15185
56233
70315
79221
170787
232232
15270
319176
547160
100042944
319163
319165
319166
319167
319168
319169
319170
319171
319172
319173
319191
319192
665433
319164
26914
404634
232440
100042943
100042929
621893
77605
100042922
333452
385328
68231
100042946
624153
236663
76383
100042840
100042931
51788
319162
15267
547210
624957
547154
100042927
100039319
100042939
319189
69389
319177
69382
319179
319186
68024
78303
319178
319180
319181
319182
319183
319184
319185
319187
319188
319190
665596
665622
15078
15081
625328
667250
319152
15077
260423
319148
319149
319150
319151
319153
319154
360198
97114
97908
382523
319155
319156
319157
319158
319159
319160
319161
320332
326619
326620
69386
97122
100041230
107435
13488
14683
13489
14677
14679
14678
14681
14688
14693
14695
14696
14697
14702
14704
14706
14707
100043507
14708
14709
14700
66066
14701
100503710
64337
14699
14710
11540
11541
224129
12912
11909
11911
12913
26427
208647
208677
78284
231991
12915
12918
109648
12064
18212
20416
216148
20418
271849
14784
20662
20663
15461
16653
18176
11836
109880
110157
26395
26413
26417
18610
12313
80796
12315
12314
70405
494124
55984
207565
12326
14282
19049
19045
19046
19047
434233
18767
18747
63959
