mmu04931
16334
16333
110651
20111
20112
67071
19045
19046
19047
434233
140491
53412
244416
228966
105651
16337
16367
19246
19247
19268
30955
18706
18707
74769
18709
18708
320207
18710
56717
58988
72508
18751
16193
20848
12702
56637
14936
232493
21926
21937
26419
26420
26414
16150
18035
18033
19697
18127
18762
210789
20528
105787
108079
19079
108097
19082
241113
108099
100705
12895
26457
26569
26458
26568
26459
225579
12491
18761
18753
110854
20787
384783
228775
19309
110078
110095
56458
18534
74551
14377
14378
68401
20526
22259
22260
170826
21428
208104
58805
12894
18754
19017
19013
18607
11651
11652
23797
19211
76055
108155
20525
14583
14584
74343
12912
12913
26427
208647
208677
78284
231991
