mmu04530
73934
74987
114141
12737
12738
12739
12740
12741
18417
239931
242653
53624
54419
54420
56173
56492
56863
57255
58187
60363
71908
621628
75677
100039801
18260
16456
67374
83964
72058
224912
56217
12695
56513
58220
93737
18762
18759
93742
16897
217325
12540
19052
19053
51792
73699
52432
72930
269643
71978
18750
18751
18752
18753
18754
18755
18761
12995
13000
13001
14677
14679
14678
17475
30960
27375
21872
21873
65964
12387
56449
68188
192195
12567
70737
11461
11465
17906
17898
98932
59310
67938
67268
17907
17879
17880
17882
17883
17884
17885
17886
544791
667772
668940
71960
77579
140781
17888
11848
67653
17356
15461
16653
18176
20130
66922
17532
12361
75723
74094
13043
15163
12386
216033
12385
13821
13822
13823
269587
11472
11474
60595
109711
71774
110380
27428
208431
20779
22612
69908
68328
211446
20336
14924
50791
99470
19211
11651
11652
23797
20742
