mmu00140
13070
13074
20905
54200
13079
15495
15496
15493
15492
15497
100043456
78925
94224
57357
13072
110115
208665
15483
15484
105349
13123
20860
15485
15486
27400
15490
14979
56348
13076
13077
13088
13089
13090
13094
243881
13097
13098
13099
226143
13095
226105
13096
72082
72303
69888
107141
404195
433247
56448
13105
13101
76279
223706
380997
545123
71754
13112
13113
13114
56388
53973
337924
100041375
13106
13078
13075
13122
22238
22236
94284
94215
394434
394430
394432
394433
72094
552899
71773
394435
394436
100727
231396
100559
112417
243085
12846
15487
