mmu05416
13052
13136
13137
14360
12389
11350
11352
19353
19354
170758
24052
24053
20391
24051
13138
13405
11461
11465
13690
230861
208643
12443
12370
12122
13063
13067
12371
12367
140781
17888
21947
21939
14960
14961
14969
14998
14999
15000
15001
15002
100504404
14990
14991
14997
15006
15007
15013
15018
15019
15039
15040
15042
15043
15051
224753
224754
224756
224761
333715
399549
15024
110557
110696
14963
14964
14972
14985
547349
15033
110558
667977
14980
69717
15015
667803
100529082
240095
630294
12519
12524
12487
18646
16408
16414
16415
15894
16773
