mmu04550
16878
16880
16195
16451
16452
16453
20848
16600
20674
17869
14784
26395
26396
26413
26417
30955
18706
18707
74769
18709
18708
320207
18710
11651
11652
23797
21386
71950
16323
16324
16325
16326
18119
11479
269275
11480
11481
17126
17127
12156
12159
12166
12167
11477
12168
17125
17129
55994
17128
15901
15902
15903
15904
75590
26416
19094
29857
26415
22408
22413
22414
22415
22416
22417
22418
22419
22420
22421
22422
20890
22423
216795
22412
22410
22409
22411
93735
14362
14369
57265
14365
14366
14367
14370
14368
93897
14371
13544
13542
13543
56637
12005
12006
11789
23805
12387
21423
26380
21405
18999
14173
14182
14183
14184
14186
15461
16653
18176
110157
16000
16001
15209
22773
20482
13990
244349
84505
16468
19712
51869
69837
22658
69587
12151
76073
71041
18508
17268
16873
18423
18014
15110
13395
17877
15379
16392
11906
13984
15407
320202
