mmu05322
12259
12260
12262
12263
12268
15270
319176
547160
100042944
319163
319165
319166
319167
319168
319169
319170
319171
319172
319173
319191
319192
665433
319164
26914
404634
232440
100042943
100042929
621893
77605
100042922
333452
385328
68231
100042946
624153
236663
76383
100042840
100042931
51788
319162
15267
547210
624957
547154
100042927
100039319
100042939
319189
69389
319177
69382
319179
319186
68024
78303
319178
319180
319181
319182
319183
319184
319185
319187
319188
319190
665596
665622
15078
15081
625328
667250
319152
15077
260423
319148
319149
319150
319151
319153
319154
360198
97114
97908
382523
319155
319156
319157
319158
319159
319160
319161
320332
326619
326620
69386
97122
100041230
20638
20641
67332
14811
14812
20821
20822
20823
11472
11474
60595
109711
14960
14961
14969
14998
14999
15000
15001
15002
100504404
12519
12524
12487
21947
21939
21926
15978
16153
50909
317677
50908
12266
15139
12274
109828
230558
110382
69379
12279
13035
50701
14129
246256
