mmu04022
11607
11608
13617
13618
11549
11548
11550
11551
11552
11553
14682
14672
14673
14674
22068
19057
19055
19056
19058
19059
17258
17259
105980076
17260
17261
18018
18019
18021
73181
20807
14463
18158
18160
230103
19091
19092
12288
12289
54652
12292
16531
16532
16533
72413
100502876
58802
20541
110891
110893
11928
98660
232975
27222
67821
11931
11932
11933
11936
67972
320707
381290
11941
19735
14886
57080
18795
18797
18798
18796
16438
16439
16440
17540
18821
11937
11938
53313
11848
67653
19877
19878
17931
19045
19046
19047
434233
12313
80796
12315
12314
70405
494124
107589
213435
228785
238564
98932
12788
333329
432530
210044
104111
104110
224129
11512
11513
11514
11515
207728
54611
18576
242202
60596
234889
239134
54195
12062
18386
11539
11542
14677
14679
14678
16334
16333
16337
16367
384783
16369
16370
30955
18706
18707
74769
18709
18708
320207
18710
11651
11652
23797
18127
11554
11555
11556
18754
16523
22333
22334
22335
11739
11740
73333
105675
12912
11909
11911
12913
26427
208647
208677
78284
231991
12915
12015
22323
110157
26395
26396
26413
26417
140781
