mmu04146
18633
56535
19298
19299
71382
224824
74043
18634
19305
58869
56273
72129
103737
668173
19302
19301
17527
234384
93734
59038
18631
18632
69129
20524
56794
17117
16922
80911
11430
93732
15488
20280
12012
74147
113868
235674
26378
51798
11666
26874
19300
26458
14081
50790
216739
74205
433256
111175
23986
67528
67993
110959
170789
12908
74114
56690
14712
228061
330450
67420
17855
68603
11611
13142
70503
15926
269951
212503
19193
15356
208982
56185
15112
12359
54683
20655
20656
18126
18477
13850
76263
22436
28200
