mmu04668
21926
21937
67384
71609
22030
22033
19766
11797
11796
26409
66513
68652
66724
26398
26400
26419
26420
26414
16476
16396
12633
26397
26399
26416
19094
29857
26415
12608
26408
53859
16151
16150
12675
18035
19697
18033
26410
26395
26413
26417
73086
56613
12912
12913
26427
208647
208677
78284
11909
11911
231991
12915
56532
74568
72542
74006
14082
12370
12369
12367
20296
20293
20304
20297
14825
20310
330122
15945
20312
12977
12981
14102
16182
16176
16193
16168
16878
16992
12051
12702
21929
22029
15953
432555
14281
16477
17392
17395
17387
13614
257632
15894
20339
22329
19225
21938
22031
30955
18706
18707
74769
18709
18708
320207
18710
11651
11652
23797
69601
