mmu04068
21803
21808
21809
21812
21813
17128
17126
17127
20869
105787
108079
19079
108097
19082
241113
108099
18099
27401
17246
73251
12914
328572
93759
252870
20528
26419
26420
26414
58231
16000
16001
16334
16333
16337
16367
384783
16369
16370
30955
18706
18707
74769
18709
18708
320207
18710
18607
12675
16150
19211
11651
11652
23797
20393
27219
170755
56458
56484
54601
329934
14816
26557
26556
26558
216439
27373
16193
16153
20848
13645
13649
14784
20662
20663
15461
16653
18176
109880
110157
11836
26395
26396
26413
26417
26416
19094
29857
26415
12566
15469
15228
268697
12442
209091
12443
12444
12452
12579
12581
12575
12576
19651
18817
20620
12795
20873
13197
17873
23882
14103
12125
22035
12053
12176
67526
57436
56486
93739
12359
20656
11920
18534
74551
14377
14378
68401
16197
16598
13609
13611
19373
19374
66822
67731
