mmu04071
20773
268656
228677
545975
76893
241447
93898
67260
71949
70059
13244
619326
20597
208449
74442
21926
21937
18201
20598
11886
54447
230379
171168
71609
22030
13033
12122
12028
26408
26419
26420
26414
26416
19094
29857
26415
18762
11651
11652
23797
12043
19052
19053
51792
73699
52432
72930
269643
71978
100039815
100039830
59032
235542
19054
225849
26931
21770
26932
226849
22059
14125
14126
14127
14360
14389
30955
18706
18707
74769
18709
18708
320207
18710
18806
18805
56632
20698
11539
11542
12062
18386
14677
14679
14678
18795
18797
18798
18796
18754
26413
26417
81535
433323
17250
20397
13609
14739
15461
16653
18176
110157
26395
26396
18607
18127
19353
19354
170758
13610
14682
18750
18751
18752
13611
94226
14673
14674
11848
67653
19877
19878
19211
18033
19697
