mmu04142
11975
21871
27060
140494
11972
242341
108664
54411
11984
114143
19025
13030
13032
13033
13034
56464
13035
13036
26898
13038
13039
64139
229445
13040
13041
64138
16541
19141
12751
11605
12091
14387
14466
15932
17939
27419
14420
110006
15211
15212
110173
17159
18010
11883
11881
74008
50917
75612
15931
27029
16889
192654
13423
56629
11432
11433
20597
11886
11593
19156
76943
14667
19063
54397
16783
16784
239739
12514
12512
12492
18145
67963
83429
235504
18173
18174
114128
17775
16792
11305
56325
53599
67464
100862375
20661
12752
211286
72175
52120
58911
432486
214505
27426
16004
17113
12757
74325
67300
11765
11766
11764
11767
11768
108012
11769
252903
11776
11774
11775
55946
64933
11778
11777
108011
67489
11781
11782
106039
260302
74105
94178
56722
15586
71665
