mmu00190
17716
17717
17718
17719
17720
17721
17722
227197
226646
68349
17993
595136
407785
75406
225887
17995
72900
78330
54405
17991
66091
17992
407790
68202
67130
66416
68375
66108
67273
70316
239760
69875
66414
67184
68198
66495
68194
100042503
100041273
66046
230075
66916
67264
66218
68342
104130
66377
68197
66945
67680
66052
66925
66694
17711
66445
22273
67003
66576
67530
22272
66152
66594
70383
17710
17708
17709
12857
84682
12858
12859
12861
12862
110323
333182
12864
12866
12865
20463
66142
78174
12867
12868
12869
75483
69802
226139
12856
11946
11947
11949
66043
67126
28080
17705
11950
11951
67942
228033
71679
11958
57423
27425
11957
17706
11964
11966
110935
66335
68775
73834
11973
74915
66144
66237
66290
338375
108664
11975
21871
27060
140494
11984
114143
11972
242341
11974
76252
54411
11944
11945
192113
67895
74776
76429
