mmu04072
13645
18590
18591
54635
71785
17311
16334
16333
13649
18595
18596
16590
16337
14784
14388
14389
20416
216148
20418
271849
19247
20662
20663
15461
16653
18176
17532
20130
66922
19730
56044
64143
30955
18706
18707
74769
18709
18708
320207
18710
11651
11652
23797
64930
22084
19744
56717
11848
67653
11840
11845
18803
234779
14125
14126
14127
14360
20963
18750
18806
18805
329502
18783
211429
232889
78390
271844
55979
67512
28169
68262
52123
110157
26395
26396
26413
26417
18717
18719
18720
13139
110197
110524
104418
217480
56077
320127
380921
227333
331374
19012
50784
67916
11998
11607
11608
14062
14816
108068
108069
268934
108071
108072
108073
14823
54140
26361
12000
14745
53978
65086
78134
381810
67168
19220
227288
12765
18795
18797
18798
18796
14673
19229
14674
19157
19158
19159
72318
14683
432530
210044
104111
104110
224129
11512
11513
11514
11515
223864
56508
13430
13429
103967
20698
