mmu03018
69305
66583
227715
66362
69639
72544
66446
109075
27998
50911
72662
50912
57316
68533
213550
210106
214627
319885
72198
108077
218343
66317
104625
231464
234594
72068
232791
53621
18983
69125
58184
78893
72162
74108
12226
12227
12228
194735
22057
436199
56057
57259
18458
93728
230721
381404
668382
67543
241989
18459
103135
72587
75901
319618
70640
13209
353190
234699
225929
24127
24128
75686
73532
67207
27756
67678
50783
66373
78651
66094
76522
13806
13807
13808
433182
71701
18641
18642
56421
15526
15510
