mmu05146
16176
16177
16178
18033
19697
15507
17831
12842
12843
12826
12827
12829
94216
12830
12828
14268
16772
16773
16774
16776
16775
16777
16779
16780
226519
16782
23928
12367
14682
14672
14675
14676
18795
18797
18798
18796
18750
18751
18752
14683
14680
432530
18747
18749
271457
19344
19345
19349
226421
24088
21898
12475
16193
12981
21926
16159
16160
15978
12825
14083
22330
11472
11474
60595
109711
11846
11847
18126
16414
16415
16409
18709
18708
320207
18710
30955
18706
18707
74769
66222
20248
20719
20723
241197
241196
20710
20706
544923
93806
20709
380839
20707
20726
394252
97848
381286
383548
20708
282663
13035
16153
21803
21808
21809
230558
110382
69379
12279
12479
