mmu05161
15530
26419
26420
26414
21803
21808
21809
21812
12575
17869
13654
13655
12914
328572
14103
14102
14082
12370
13194
107986
26401
22631
54401
22630
26398
18035
18033
19697
17395
12043
30955
18706
18707
74769
18709
18708
320207
18710
11651
11652
23797
12675
16150
16151
12015
22059
19211
12364
11783
68576
11799
12028
13063
13067
12371
12367
22335
18018
18019
18021
73181
21926
19229
20779
14784
15461
16653
18176
16476
17128
11909
18538
16451
20846
20847
20848
20849
20850
20851
20852
54411
18750
18751
18752
110157
26395
26396
26413
26417
12912
12913
26427
208647
208677
78284
11911
231991
12915
14281
13712
13205
110957
15962
15965
15967
15968
15969
15970
15972
15964
242519
230396
404549
15974
242517
15975
142980
106759
230073
71586
228607
56489
56480
54131
54123
21898
225471
15977
24088
117149
17874
16193
12443
12567
12571
19645
13555
242705
13557
12576
12447
12448
12566
12428
12427
