mmu04270
11549
11548
11550
11607
11608
13617
54140
26361
14682
14672
26971
18778
18781
18784
18782
26970
66350
69836
26565
18780
237625
329502
18783
211429
232889
78390
271844
53357
13118
13117
13119
435802
230639
666168
100040843
277753
16531
16532
16533
72413
100502876
58802
12288
12289
54652
12292
12313
80796
12315
12314
70405
494124
107589
213435
228785
238564
17904
216459
98932
18795
18797
18798
18796
16438
16439
16440
18750
18751
18752
18753
18754
18755
18761
11836
109880
110157
26395
26396
26413
26417
109624
11475
11468
68458
19045
19046
19047
434233
17931
329251
232807
14673
14674
69632
16801
213498
11848
67653
19877
19878
11540
11541
19222
54598
51801
54409
56089
14683
432530
210044
104111
104110
224129
11512
11513
11514
11515
18747
18749
18160
230103
19091
17540
60596
234889
239134
54195
17880
