mmu05203
20779
15461
16653
18176
26413
26417
12912
11909
11911
12913
26427
208647
208677
78284
231991
12915
13194
22631
54401
22630
22627
22629
22628
16451
20848
20850
20851
12367
15451
30955
18706
18707
74769
18709
18708
320207
18710
19697
19696
18034
18033
22059
12447
12448
12566
13654
13655
22335
17000
20684
15387
12575
13205
110957
19106
18747
18749
319189
69389
319177
69382
319179
319186
68024
78303
319178
319180
319181
319182
319183
319184
319185
319187
319188
319190
665596
665622
319155
319156
319157
319158
319159
319160
319161
320332
326619
326620
69386
97122
100041230
12028
14784
71609
12534
21374
237336
227606
252870
17246
19664
19668
66354
14884
23894
209357
14885
74197
99169
68153
56463
12914
328572
229906
12443
12444
12445
12571
12428
12427
27401
66973
22029
22030
22031
22033
16453
17096
666513
20963
11972
242341
22215
13383
105782
19303
12018
54131
19179
19645
19650
19651
12576
69116
16476
107932
15182
433759
15183
208727
15184
15185
56233
70315
79221
170787
232232
18746
16391
83945
14534
18519
71828
83602
235459
20807
16151
18035
114713
12540
19353
11848
67653
227753
20259
11472
11474
60595
109711
12567
12578
12579
12649
107995
17120
234729
19385
18970
54123
16195
12774
12776
12771
12773
17164
12370
12015
58801
12266
14990
14991
14997
15006
15007
15013
15018
15019
15039
15040
15042
15043
15051
224753
224754
224756
224761
333715
399549
15024
110557
110696
14963
14964
14972
14985
547349
15033
110558
667977
14980
69717
15015
667803
100529082
240095
630294
