mmu04151
13645
14164
14173
14174
14175
14176
14178
14179
14180
14165
14166
14167
14168
14169
80903
14171
14172
14170
80857
56636
67112
64654
14177
18048
18049
16334
16333
16000
18590
18591
54635
71785
12977
17311
22339
22340
18654
22341
14205
15234
11600
11601
11602
13636
13637
13639
13640
13638
13649
14182
14183
14184
14186
18053
16337
16001
18595
18596
12978
16590
14254
14257
16542
17295
21687
13836
14784
20662
20663
15461
16653
18176
110157
26395
26396
26413
26417
16367
24088
21898
19353
20963
12478
83490
14599
19109
18413
16183
16187
16193
16189
16196
15962
15965
15967
15968
15969
15970
15972
15964
242519
230396
404549
15974
242517
15977
13856
12985
14600
19116
18414
16184
16185
16186
16188
16194
16190
16197
15975
15976
13857
12986
16451
16452
16453
12842
12843
12824
12826
12827
12829
94216
12830
12828
12834
12833
245026
12835
68553
665033
12839
12840
12841
16772
16773
16774
16776
16775
16777
16779
16780
226519
16782
23928
12643
19699
21825
12845
21826
21827
21828
14268
20750
22370
21923
21960
329278
81877
22371
15891
109700
16398
16399
16400
16401
16402
16403
16404
241226
104099
213119
319480
16410
16412
16416
192897
16419
16420
16421
320910
14083
14062
12669
243764
14745
53978
65086
78134
381810
67168
14688
14693
14695
14696
14697
14702
14704
14706
14707
100043507
14708
14709
14700
66066
14701
100503710
64337
14699
14710
18607
20869
105787
108079
74747
64930
22084
19744
56716
56717
74370
13685
13684
26987
218268
58988
72508
75705
20104
105244208
18750
320795
263803
109333
20393
27219
170755
11651
11652
23797
19211
75778
19052
19053
51792
73699
52432
72930
269643
71978
100039815
100039830
59032
235542
19054
225849
26931
21770
26932
226849
15519
15516
22027
12539
74343
98432
244650
21432
27379
27380
17763
18127
12189
56637
14936
232493
18534
74551
14377
14378
68401
17869
12443
12575
12576
12566
12567
12571
12444
12445
12447
12448
56484
19651
14103
12125
22631
54401
22630
22627
22629
22628
12015
12048
12043
12371
12912
11909
11911
12913
26427
208647
208677
78284
231991
12915
17210
20181
15370
16151
12675
16150
19697
18033
17863
17246
22059
30955
18706
18707
74769
18709
18708
320207
18710
