mmu04080
12669
243764
12671
12672
213788
11549
11548
11550
11551
11552
11553
11554
11555
11556
13488
13489
13490
13491
13492
15465
15466
99296
225192
15550
15551
15552
15557
15558
15559
15560
15562
15563
15564
15565
15566
209517
209513
111174
215855
215856
215859
276742
382348
209512
215854
435206
435207
493809
494546
503558
11607
11608
11609
18101
14829
12209
12061
12062
12273
12267
14293
14289
14294
23796
12425
12426
13617
13618
17199
17200
17201
17202
17203
18166
18167
19065
18168
18169
14608
18216
18217
18386
18387
18390
18389
20605
20606
20607
20608
20609
21336
21337
21338
54140
26361
12000
18430
14427
14428
14429
14061
13035
14938
18815
436522
22072
67373
103964
100040233
22074
73626
14062
14063
14064
14065
93742
230777
387285
237362
104443
217369
14767
216749
207911
14308
14309
22094
16867
22095
19214
19216
19217
19218
19219
19220
19222
21390
11539
11540
11541
11542
18442
18441
57385
233571
67168
78826
213438
140795
74191
78134
64095
12801
12802
19204
14715
22045
170732
208188
114229
17773
244701
14765
13609
14745
13610
53978
14739
13611
65086
94226
16995
57260
17171
381489
140498
239336
242093
58861
70086
12311
54598
12921
12922
381853
14652
93896
14527
14602
19228
213527
11517
319229
22354
22355
14816
108068
108069
268934
108071
108072
108073
14823
54393
242425
239845
226304
226278
14810
14811
14812
14813
14814
242443
170483
14394
14395
14396
14397
110886
14399
14400
14402
14401
14403
14404
14405
14406
14407
216643
14408
14409
328699
57249
11435
110902
110834
11438
110835
11440
11441
231252
504186
11443
11444
108043
108015
11447
11448
11449
18436
231602
228139
18438
94045
18439
18440
12640
16866
14799
14800
53623
14802
14805
14806
14807
110637
14809
14803
14804
14654
237213
110304
14658
193034
12257
14815
14599
14600
21833
21834
16846
16847
19109
19116
