mmu04145
22319
100226
53331
11461
11465
12721
71116
20333
14990
14991
14997
15006
15007
15013
15018
15019
15039
15040
15042
15043
15051
224753
224754
224756
224761
333715
399549
15024
110557
110696
14963
14964
14972
14985
547349
15033
110558
667977
14980
69717
15015
667803
100529082
240095
630294
14960
14961
14969
14998
14999
15000
15001
15002
100504404
271457
19344
19345
216238
225326
22042
15239
11964
11966
110935
66335
68775
73834
11973
74915
66144
66237
66290
338375
11974
76252
11975
21871
27060
140494
11972
242341
108664
11984
114143
54411
19349
226421
280408
13424
110350
13426
13427
234663
235661
22145
22144
22142
22146
22147
22143
53857
238463
227613
22151
22152
22153
67951
22154
545486
73710
16783
16784
18711
17113
18125
17523
13039
13040
53421
57743
66212
20335
100046078
100043039
102637269
21354
21355
12317
12330
14129
14130
14131
246256
50909
16409
16414
16415
12266
71693
140792
17194
17195
20387
20390
16410
16398
16402
16412
16416
16419
21825
12845
21826
21827
21828
24088
21899
21898
12475
17533
17534
18779
170776
170779
170780
170786
69165
69142
70192
56644
20288
17167
108078
20778
12491
13057
13058
224480
237038
19353
17969
17970
17972
