mmu04724
105727
67760
216456
14660
140919
216227
72961
14805
14806
14807
110637
14809
14799
14800
53623
14802
14810
14811
14812
14813
14814
242443
170483
19057
19055
19056
19058
19059
13385
224997
58234
243961
210274
22063
14816
108071
26557
26556
26558
14682
18795
18797
18798
18796
18750
18751
18752
16438
16439
16440
329502
18783
211429
232889
78390
271844
18806
18805
26413
26417
14683
432530
210044
104111
104110
224129
11512
11513
11514
11515
18747
18749
108068
108069
268934
108072
108073
14823
14677
14679
14678
14681
14688
14693
14695
14696
14697
14702
14704
14706
14707
100043507
14708
14709
14700
66066
14701
100503710
64337
14699
14710
110355
320129
16519
12286
20511
242607
20510
20513
12288
12289
20512
14645
76257
