mmu04723
140919
216227
72961
14799
14800
53623
14802
12288
12289
54652
12292
14816
108071
14682
18795
18797
18798
18796
16438
16439
16440
242864
18750
18751
18752
269060
231871
19225
66082
14073
12801
14677
14679
14678
14681
14688
14693
14695
14696
14697
14702
14704
14706
14707
100043507
14708
14709
14700
66066
14701
100503710
64337
14699
14710
16519
16522
16524
16521
12286
12287
26413
26417
26419
26420
26414
26416
19094
29857
26415
432530
210044
104111
104110
224129
11512
11513
11514
11515
18747
18749
23945
22348
116837
14394
14395
14396
14397
110886
14399
14400
14402
14401
14405
14406
14407
14403
14404
57249
216643
14408
14409
328699
