mmu04670
83964
16409
16414
16415
67374
16401
16412
18613
673094
16408
16456
12562
73934
74987
114141
12737
12738
12739
12740
12741
18417
239931
242653
53624
54419
54420
56173
56492
56863
57255
58187
60363
71908
621628
75677
100039801
18260
69524
22329
22350
17698
11461
11465
30955
18706
18707
74769
18709
18708
320207
18710
19353
13058
224480
237038
13057
17970
17969
17972
12387
12388
12386
216033
12385
19247
17390
17395
26416
19094
29857
26415
15894
18803
234779
18750
18751
18752
14083
19303
12927
21838
232906
11855
11848
67653
19877
19878
17906
17898
98932
59310
67938
67268
17907
17356
109905
215449
20469
22323
11472
11474
60595
109711
22330
20315
12767
14677
14679
14678
223864
56508
54354
19229
16428
22165
22324
22325
57257
19354
12540
74734
