mmu04933
21808
21809
21803
21812
21813
17126
17127
17128
12576
14268
12842
12843
12825
12826
12827
12829
94216
12830
12828
11607
11608
11596
13058
224480
237038
18799
72469
18802
18795
18797
18798
18796
18803
234779
74055
18750
18751
18753
18754
18762
26413
26417
16476
22339
22340
22341
14205
20296
20293
18787
20339
22329
15894
17390
16175
16176
16193
21926
14066
13614
21824
26416
19094
29857
26415
19697
18033
26419
26420
26414
13367
19353
12540
15461
16653
18176
30955
18706
18707
74769
18709
18708
320207
18710
11651
11652
23797
18127
56458
12043
12028
12367
16452
20848
18712
18018
20846
20850
20851
12443
12567
13653
