mmu05222
14198
218772
20181
20182
20183
22059
12043
13063
13067
11783
12371
17869
17187
17344
12579
12567
12571
12443
54124
66197
27401
12566
12447
12448
19645
13555
242705
13557
12826
12827
12829
94216
12830
12828
16772
16773
16774
16776
16775
16777
16779
16780
226519
16782
23928
14268
16398
16399
16400
16403
16410
16412
14083
30955
18706
18707
74769
18709
18708
320207
18710
19211
11651
11652
23797
12675
16150
16151
18035
18033
19697
11797
11796
11798
329581
12048
22029
22030
22031
22032
22033
22034
19225
18126
12576
