mmu04810
14061
14062
12475
16334
16333
13645
14164
14173
14174
14175
14176
14178
14179
14180
14165
14166
14167
14168
14169
80903
14171
14172
14170
80857
56636
67112
64654
14177
18590
18591
54635
71785
23920
13649
14182
14183
14184
14186
18595
18596
14268
109700
16398
16399
16400
16401
16402
16403
16404
241226
104099
213119
319480
16410
16408
16409
16411
381924
16407
16412
16414
16415
16416
192897
16419
16420
16421
320910
12061
12062
12669
243764
12671
12672
213788
14673
14674
14701
100503710
14163
30938
14083
12927
12928
12929
330662
20779
20662
20663
15461
16653
18176
20130
66922
17532
73341
30955
18706
18707
74769
18709
18708
320207
18710
22324
22325
57257
21844
11836
109880
110157
17451
26395
26396
26413
26417
16801
69632
232906
11848
67653
19353
19354
170758
12540
18479
224105
18481
70584
214230
241656
54126
216963
19877
19878
107589
213435
228785
238564
19045
19046
19047
434233
17931
329251
232807
17906
17898
98932
59310
67938
67268
17907
13367
54004
20544
18717
18719
18720
117150
18718
108083
18711
16885
16886
56419
108100
13800
22376
73178
242687
20430
76884
105855
50884
329165
101314
83767
67771
74192
68089
56378
11867
56443
76709
11461
11465
18643
18645
75477
382562
19303
22350
19684
17698
19241
12631
12632
231637
237860
245857
22330
29875
544963
404710
227753
20259
11472
11474
60595
109711
11789
23805
226970
219140
17886
71960
77579
