mmu04152
26409
20869
12283
69008
72149
227154
16846
16847
55984
207565
11549
11450
72674
68465
105787
108079
19079
108097
19082
241113
108099
18639
18640
170768
270198
14121
14120
18641
18642
56421
15378
14377
14378
68401
18534
74551
74343
12912
12913
26427
208647
208677
78284
231991
19017
15568
12443
12428
12427
13631
13629
56458
56484
93759
20528
14936
232493
16890
15357
20787
14104
107476
20249
20250
30049
329065
56690
12894
12895
78070
19052
19053
51792
73699
52432
72930
269643
71978
100039815
100039830
59032
235542
19054
225849
26931
21770
26932
226849
57915
59021
17274
19325
19326
68365
12638
12491
16000
16001
16334
16333
16337
16367
384783
16369
16370
30955
18706
18707
74769
18709
18708
320207
18710
18607
11651
11652
23797
22084
64930
19744
56717
74370
67605
58988
72508
13685
19016
100705
22241
