mmu03008
13001
12995
13000
230082
74778
72515
21771
105372
217995
73674
217109
225348
213773
269470
216987
110816
67973
102462
27993
21453
14113
237730
67134
55989
20826
100862468
245474
52530
68147
66181
73736
72554
195434
14000
14791
213895
98956
59028
67724
227522
66161
117109
102614
69961
74097
54364
208366
66932
434234
104444
24127
24128
69237
230737
30877
237107
67459
100019
68272
67619
19384
19428
75471
103573
97112
53319
170722
83454
245610
56488
237082
16418
66711
101592
224092
57815
102216272
71340
67045
17724
17725
