mmu04144
21803
21808
21809
21812
21813
218441
230597
18854
17126
17127
22042
13649
14254
16542
18595
14183
14184
14186
16001
17295
18211
13867
13869
16590
19713
12978
13645
13430
13429
103967
11845
18717
18719
18720
227733
18806
18805
12757
74325
67300
11772
11771
71770
11773
232910
259300
12402
208650
80794
17999
83814
17246
22034
67588
16396
66313
75788
107568
58194
20408
20404
20405
54673
227700
218038
30948
13854
13855
71889
13858
13859
229285
16835
100017
13132
12774
227288
12765
12767
14062
11554
11555
11556
24013
110355
320129
14772
14773
26385
109689
216869
22376
73178
11867
56443
76709
56378
68089
67771
74192
215280
68524
330319
15481
15482
193740
15512
15511
72685
319277
223593
28006
68767
67282
12340
12343
12344
12345
56433
30930
69091
65114
54198
55988
84092
70527
19349
15239
20844
56324
22088
73711
72543
66914
194309
330192
107305
52348
27681
70160
28084
208092
66371
75608
66700
68953
68942
105513
20479
116733
66201
67028
67064
234852
76959
71955
18571
27965
16004
56440
67804
225861
69178
72183
20779
15461
16184
16185
16186
11848
67653
14990
14991
14997
15006
15007
15013
15018
15019
15039
15040
15042
15043
15051
224753
224754
224756
224761
333715
399549
15024
110557
110696
14963
14964
14972
14985
547349
15033
110558
667977
14980
69717
15015
667803
100529082
240095
630294
14275
14276
64931
12389
12390
12391
57440
98878
216238
271457
19344
19345
54189
78287
19341
216724
13660
22365
69150
19334
106572
19325
17274
77407
53869
19326
74998
75767
52055
319740
16572
16573
16574
268451
215445
93742
56513
58220
93737
18762
18759
12540
69780
98366
216963
26431
230837
211914
13196
140500
216859
78618
69710
212285
106952
213990
347722
216439
228998
66251
77038
215632
234353
73728
74002
245666
232227
243621
19157
19158
19159
72318
211673
99371
107338
11840
11842
11844
