mmu05164
436522
22072
67373
103964
100040233
22074
73626
50528
214523
246730
246728
246727
23961
23960
24014
81489
100037258
15481
15482
193740
15512
15511
15467
19106
13666
27103
13665
26397
26399
26416
19094
29857
26415
26398
26400
26419
26420
26414
16476
11909
230073
71586
228607
270151
16150
18036
18035
18033
19697
217069
142980
106759
56480
56489
54131
12914
328572
18709
18708
320207
18710
30955
18706
18707
74769
11651
11652
23797
21898
170743
17874
266632
54123
16175
16176
16193
16159
16160
21926
20296
20293
20304
15945
15894
15962
15965
15967
15968
15969
15970
15972
15964
242519
230396
404549
15974
242517
15977
15975
15976
16451
54721
20846
20847
16391
12702
17858
56417
18854
15978
15979
15980
16452
12265
14960
14961
14969
14998
14999
15000
15001
15002
100504404
216799
66824
12362
16173
77125
22035
21933
14103
14102
21937
22333
13063
13067
12371
56637
16646
16647
53817
103573
15463
18750
110157
26395
26396
26413
26417
58185
110196
11461
11465
117198
54188
54196
382035
53319
170722
83454
245610
56488
237082
66679
232989
269966
18550
214531
18815
18751
