mmu04261
11554
11555
14683
432530
210044
104111
104110
224129
11512
11513
11514
11515
18747
18749
11928
98660
232975
27222
67821
11931
11932
11933
11936
20544
16535
16509
67972
320707
381290
11941
20271
20272
20266
399548
12288
12289
54652
12292
12295
12296
12297
12298
12293
56808
12294
319734
12299
12300
54376
54377
140723
54378
81904
81905
12313
80796
12315
12314
70405
494124
108058
12325
12323
12322
20191
19052
19053
51792
73699
52432
72930
269643
71978
100039815
100039830
59032
235542
19054
225849
26931
21770
26932
226849
19045
19046
19047
434233
21924
21954
21956
22003
22004
59069
326618
11464
140781
17888
17906
17897
17896
18821
11607
11608
11609
11549
11548
11550
14682
18795
18797
18798
18796
18750
58200
26413
26417
73086
12912
11909
11911
12913
26427
208647
208677
78284
231991
12915
12916
12043
223864
56508
26416
19094
29857
26415
14677
14679
14678
30955
18706
18707
74769
18709
18708
320207
18710
11651
11652
23797
11938
20541
