mmu05202
12394
12978
17523
12981
16187
12395
15182
433759
20466
20185
12606
20375
12475
16409
14129
16480
18854
19401
110794
12047
12044
12045
12046
235320
17869
21423
18514
93735
14011
50701
14939
214162
17355
107951
12455
72949
64144
70122
208266
16909
18516
12393
17125
16599
17260
108829
15364
22289
22290
109115
19126
14255
140780
16001
12576
18647
17268
20471
20474
14048
12580
15446
53623
53618
27140
21908
12775
16825
17095
15242
19208
19696
22029
12048
12524
21939
12053
17132
12444
16421
107823
15078
15081
625328
667250
319152
15077
260423
319148
319149
319150
319151
319153
319154
360198
97114
97908
382523
18507
18510
19016
20181
20182
20183
94315
209446
12575
50528
13876
18792
18791
17392
17395
20732
16178
14009
18612
104156
212980
13714
13207
18109
17187
17246
14083
22059
12151
20683
22642
18211
18053
17283
14030
14247
16000
15902
21813
16009
260298
11908
11864
11920
66629
229593
22431
18590
16185
545192
21912
17349
18124
70439
233908
13198
12608
16193
80859
18033
19697
56458
14254
268996
56312
68938
17295
11796
12427
13237
15395
15396
15405
18505
18509
18627
21417
67603
