mmu04726
21990
216343
13195
110877
214084
12288
12289
54652
12292
15558
15559
15560
14682
18795
18797
18798
18796
16438
16439
16440
18750
18751
18752
26413
26417
329502
18783
211429
232889
78390
271844
13097
13098
13099
226143
13095
226105
13096
72082
72303
69888
107141
404195
433247
56448
13105
13101
76279
223706
380997
545123
71754
13110
74519
13109
665095
230459
100066
242546
81906
11689
11684
11685
11686
11687
11688
19224
19225
15561
57014
15562
15565
15566
14683
224129
18747
18749
140492
16508
14400
14402
14401
223864
11820
15550
15551
15552
15557
15563
15564
14677
14679
14678
14681
14688
14693
14695
14696
14697
14702
14704
14706
14707
100043507
14708
14709
14700
66066
14701
100503710
64337
14699
14710
12367
15461
16653
18176
11836
109880
110157
26395
12286
12287
16519
16522
16524
16521
22063
15567
17161
109731
19252
