mmu04660
12500
12501
12502
12503
12504
12525
12526
19264
16818
14360
22637
16822
16797
16428
21682
17973
17974
22324
22325
57257
17444
14784
18479
224105
18481
70584
214230
241656
11848
67653
12540
13383
26416
19094
29857
26415
18803
19057
19055
19056
19058
19059
18018
18019
18021
20662
20663
19419
15461
16653
18176
110157
26395
26396
26413
26417
14281
16476
18761
108723
12042
240354
26409
26400
12675
16150
16151
18033
19697
18035
18036
18037
12487
54167
21947
18709
18708
320207
18710
30955
18706
18707
74769
18607
11651
11652
23797
26410
53859
56637
18566
12477
15170
12402
208650
80794
16183
16189
16191
16153
15978
12981
21926
12567
26420
