mmu05215
12576
12566
12447
12448
19645
13555
242705
13557
16334
16333
18590
18591
54635
71785
13645
21802
16000
23920
18595
18596
14182
14183
13649
13866
16001
30955
18706
18707
74769
18709
18708
320207
18710
19211
18607
18095
11651
11652
23797
12371
12015
56458
12575
17246
22059
56637
12912
11911
12913
26427
208647
208677
78284
231991
12387
12914
328572
21414
21415
21416
16842
12443
12675
16150
16151
18035
18033
19697
12043
56717
14784
20662
20663
15461
16653
18176
11836
109880
110157
26395
26396
26413
26417
94224
11835
15519
15516
22027
14870
