mmu05323
12519
12524
12487
12477
14960
14961
14969
14998
14999
15000
15001
15002
100504404
16408
16414
16415
15894
16168
69583
24099
16994
21926
16175
16176
16193
16156
16173
24088
21898
16476
14281
21803
21808
21809
83430
16171
12977
21943
21934
11964
11966
110935
66335
68775
73834
11973
74915
66144
66237
66290
338375
11974
76252
11975
21871
27060
140494
11972
242341
108664
54411
11984
114143
13038
11433
83995
83996
17392
13039
12981
20304
20296
20293
20302
20297
20311
20315
22339
14254
11600
21687
15978
