mmu04910
16334
16333
16337
16367
384783
16369
16370
18709
18708
320207
18710
30955
18706
18707
74769
18607
11651
11652
23797
56637
14936
232493
19045
19046
19047
434233
140491
53412
244416
228966
105651
54646
18682
68961
110094
18679
102093
12313
80796
12315
12314
70405
494124
19309
110078
110095
18576
18747
18749
19084
19087
19088
19085
16890
18762
18759
20528
14252
14251
23921
20411
12402
208650
80794
12928
12929
107746
104215
53413
106628
20787
107476
100705
14104
18770
15277
212032
15275
216019
103988
105787
108079
19079
108097
19082
241113
108099
56458
19017
14377
14378
68401
14121
14120
18534
74551
56717
74370
58988
72508
20104
105244208
13685
13684
26987
218268
64930
22084
19744
12015
20416
216148
20418
271849
14784
20662
20663
15461
16653
18176
11836
109880
110157
26395
26396
26413
26417
17346
17347
13712
12703
216233
12702
67296
19246
19268
26419
26420
26414
16150
16332
19062
