mmu04914
18667
18709
18708
320207
18710
30955
18706
18707
74769
26419
26420
26414
26416
19094
29857
26415
14677
14679
14678
432530
210044
104111
104110
224129
11512
11513
11514
11515
18747
18749
12877
208922
231207
67579
70891
74673
241634
330228
12566
12534
12428
12427
17451
15519
15516
26395
26413
26417
110651
20111
20112
67071
268930
268697
12442
209091
18817
12530
12531
12532
16334
16333
16000
16001
11651
11652
23797
18576
16653
11836
109880
110157
12235
17120
56150
71890
56371
17222
99152
217232
52206
59008
69957
56317
52563
68999
66156
66440
69010
