mmu00564
14555
333433
14571
14732
215456
102247
231510
55979
67512
52123
225010
218121
67216
28169
68262
14712
66358
19012
50784
67916
14245
64899
64898
13139
110197
110524
104418
217480
56077
320127
380921
227333
331374
212862
99712
18806
18805
18807
104759
16816
26971
18778
18781
18784
18782
26970
66350
69836
26565
18780
237625
329502
18783
211429
232889
78390
271844
53357
665270
225845
270084
210992
99010
14792
18777
192654
26394
50767
241274
74182
12647
11423
12660
12651
237928
13026
236899
28042
75320
214253
68671
71760
18618
74596
110911
19210
27388
320951
74451
66586
66826
226856
52858
77582
