mmu04210
22035
21933
14103
14102
14082
21926
21937
71609
12633
12370
12368
12367
12369
12122
12028
12018
66593
18952
64704
13063
13067
11783
12371
18646
14939
22145
22144
22142
22146
22147
22143
53857
238463
17210
11461
11465
20739
20740
16905
16906
16907
11546
11545
235587
328417
13347
13368
13804
26926
78943
22030
16438
16439
16440
12333
12334
12364
13666
13665
11911
13198
13030
13032
13033
56464
13036
13038
13039
229445
13040
13041
64138
11797
11796
11798
11799
12125
12048
12043
13163
19766
69601
26408
26419
26420
26414
12015
16476
14281
22059
12123
53859
12675
16150
16151
18035
18033
19697
19249
13197
17873
23882
22029
12047
12044
12045
12046
11920
57913
170770
58801
12366
18049
18211
16187
16188
12984
12983
30955
18706
18707
74769
18709
18708
320207
18710
18607
11651
11652
23797
15461
16653
18176
110157
26395
26396
26413
26417
