mmu04974
58803
436522
22072
67373
103964
100040233
22074
73626
109660
13706
67868
109697
232680
12873
76703
56373
105243
56643
11928
98660
232975
27222
67821
11931
11932
11933
11936
16534
16529
57442
16535
100040591
67760
17380
17287
17288
70008
72461
13482
170745
20510
20514
20541
110891
110893
74338
17254
50934
72472
20532
30962
20540
13717
12842
12843
12824
12825
12826
12827
12829
94216
12830
12828
12831
12832
53867
12814
12815
71355
373864
12834
12833
245026
12835
68553
665033
12836
12839
12840
12841
12813
12816
12817
12818
12819
12821
12822
69700
215335
66473
