mmu04750
12061
12062
15558
15559
15560
15465
18442
14682
329502
18783
211429
232889
78390
271844
53357
11684
11685
18795
18797
18798
18796
16438
16439
16440
18754
19045
19046
19047
434233
277328
193034
11419
11418
171209
241118
58170
12313
80796
12315
12314
70405
494124
108058
12325
12323
12322
16176
16177
16180
26397
26399
26416
19094
29857
26415
26419
26420
26414
18048
18049
18211
18803
234779
30955
18706
18707
74769
18709
18708
320207
18710
18753
20779
171382
19217
19219
14683
432530
210044
104111
104110
224129
11512
11513
11514
11515
18747
18749
63873
14063
13097
13098
13099
226143
13095
226105
13096
72082
72303
69888
107141
404195
433247
13110
74519
13109
665095
230459
100066
242546
13118
13117
13119
435802
230639
666168
100040843
277753
18750
18751
18752
18755
18761
16000
22368
246788
