mmu04911
20525
20526
103988
68667
11928
98660
232975
27222
67821
11931
11932
11933
11936
20927
16514
12288
12289
54652
12292
108058
12325
12323
12322
16531
16532
16533
72413
100502876
58802
84036
140492
140493
16534
14526
14652
14607
236781
11516
11517
14683
432530
210044
104111
104110
224129
11512
11513
11514
11515
18747
18749
12912
11909
11911
12913
26427
208647
208677
78284
231991
12915
18609
16334
16333
56508
116838
26875
19339
12425
12671
233081
14682
14672
18795
18797
18798
18796
16440
20191
22318
20907
20614
18750
18751
18752
