mmu04921
18429
18430
14682
15461
16653
18176
110157
26395
26396
26413
26417
329502
18783
211429
232889
78390
271844
19225
23938
23939
16476
14281
17260
12443
13712
20190
20191
20192
12494
28240
16518
16515
16520
211480
18795
18797
18798
18796
18750
18751
18752
13631
13629
12288
12289
54652
12292
12295
12296
12297
12298
12293
56808
12294
319734
12299
12300
54376
54377
140723
54378
81904
81905
16438
16439
16440
12313
80796
12315
12314
70405
494124
19057
19055
19056
19058
19059
18018
18019
18021
73181
19735
54720
55984
207565
105787
108079
19079
108097
19082
241113
108099
215303
227541
52163
108058
12325
12323
12322
12326
18127
60596
234889
239134
54195
18160
230103
107589
213435
228785
238564
17904
216459
98932
11461
11465
11848
67653
19877
19878
19045
19046
19047
434233
17931
329251
232807
14683
432530
210044
104111
104110
224129
11512
11513
11514
11515
18747
18749
14677
14679
14678
14681
30955
18706
18707
74769
18709
18708
320207
18710
20779
16519
16522
16524
16521
13649
12575
