mmu00830
63857
11522
11529
26876
11532
20148
28200
241452
235033
98711
17252
77974
19683
103142
242285
27400
79235
13350
245532
19892
19682
213043
11761
71872
71724
26358
19378
11668
13082
232174
546726
13076
13077
13086
13087
13085
13088
13089
13090
13094
243881
13097
13098
13099
226143
13095
226105
13096
72082
72303
69888
107141
404195
433247
74134
13112
13113
13114
56388
53973
337924
100041375
13118
13117
13119
435802
230639
666168
100040843
277753
22238
22236
94284
94215
394434
394430
394432
394433
72094
552899
71773
394435
394436
100727
231396
100559
112417
243085
67442
