mmu05162
17698
170776
170779
170780
170786
69165
69142
70192
21336
17221
27218
20400
14360
13448
18761
16163
16189
12500
12501
12502
12487
16183
16184
16185
16186
18709
18708
320207
18710
30955
18706
18707
74769
11651
11652
23797
56637
16451
16453
20848
20850
20851
230073
71586
228607
56489
56480
54131
170743
81897
17874
16179
266632
54123
12675
24088
21898
22034
26409
68652
18036
18035
18033
19697
12995
13000
13001
21929
15962
15965
15967
15968
15969
15970
15972
15964
242519
230396
404549
15974
242517
15977
16175
16176
16193
16159
16160
14130
15975
15976
14694
54721
20846
20847
16391
15978
15979
15980
16452
246730
246728
246727
23961
23960
56417
17858
12443
12444
12445
12447
12448
12567
12571
12566
12576
56382
319642
15481
15482
193740
15512
15511
68135
15467
19106
13666
27103
13665
68098
22059
22062
170770
14103
14102
22035
21933
208650
