mmu04512
12842
12843
12824
12826
12827
12829
94216
12830
12828
12834
12833
245026
12835
68553
665033
12839
12840
12841
16772
16773
16774
16776
16775
16777
16779
16780
226519
16782
23928
12643
19699
21825
12845
21826
21827
21828
14268
20750
22370
21923
21960
329278
81877
22371
15891
11603
15530
109700
16398
16399
16400
16401
16402
16403
16404
241226
104099
213119
319480
16410
16412
16416
192897
16419
16420
16421
320910
12505
20969
20971
64051
64176
75209
12491
14729
14723
14724
54368
243816
13138
16423
15366
114249
