mmu05320
15962
15965
15967
15968
15969
15970
15972
15964
242519
230396
404549
15974
242517
12477
22018
21819
14960
14961
14969
14998
14999
15000
15001
15002
100504404
12519
12524
12487
16183
14990
14991
14997
15006
15007
15013
15018
15019
15039
15040
15042
15043
15051
224753
224754
224756
224761
333715
399549
15024
110557
110696
14963
14964
14972
14985
547349
15033
110558
667977
14980
69717
15015
667803
100529082
240095
630294
14103
14102
18646
14939
21947
21939
16189
16191
16153
22095
12640
22094
