mmu04925
11607
11608
14682
14672
18795
18797
18798
18796
16438
16439
16440
18750
18751
18752
18754
18760
75292
101540
12912
11909
11911
12913
26427
208647
208677
78284
231991
12915
11908
269060
231871
16527
223604
12291
58226
239556
12288
12289
54652
12292
109305
12313
80796
12315
12314
70405
494124
215303
227541
52163
108058
12325
12323
12322
12326
16890
16835
20778
17200
14683
432530
210044
104111
104110
224129
11512
11513
11514
11515
18747
18749
110115
20845
18227
15370
13070
15495
15496
15493
15492
15497
100043456
13079
18160
207728
