mmu05142
21898
106759
24088
21899
81897
17874
16179
266632
22034
26398
26419
26420
26414
26413
26417
26416
19094
29857
26415
14281
16476
16151
12675
16150
18035
18033
19697
15977
20304
20296
20293
21926
16159
16160
16193
20302
16176
51792
73699
52432
72930
269643
71978
19052
19053
15978
15979
15980
21937
18126
12266
12317
12259
12260
12262
16153
21803
21808
21809
11421
217246
12062
14682
14672
14675
14676
18795
18797
18798
18796
14677
14679
14678
14681
14683
14680
432530
18709
18708
320207
18710
30955
18706
18707
74769
11651
11652
23797
21813
21812
17126
17127
18787
14103
14102
14082
12370
12633
12500
12501
12502
12503
16183
