mmu05169
12902
20020
231329
20021
20022
69241
67710
69920
66420
69833
245841
100862456
102641086
66491
218832
70428
20016
20018
74414
67065
26939
70408
67486
69870
78929
67005
103573
19384
19428
75471
227720
14990
14991
14997
15006
15007
15013
15018
15019
15039
15040
15042
15043
15051
224753
224754
224756
224761
333715
399549
15024
110557
110696
14963
14964
14972
14985
547349
15033
110558
667977
14980
69717
15015
667803
100529082
240095
630294
12494
20737
12534
54194
15481
15482
193740
15512
15511
15507
69253
22631
54401
22630
22627
22629
22628
229906
56463
74197
99169
68153
208727
15184
66354
20602
19664
19668
20375
15182
433759
12914
328572
19231
14128
14191
17869
22059
21374
237336
227606
12575
17246
19181
19179
23996
67089
19182
19184
21762
70247
22123
66997
69077
66413
17463
23997
19185
59029
57296
20422
252870
18747
18749
12995
13000
13001
12576
12428
12427
12566
19645
27401
30955
18706
18707
74769
18709
18708
320207
18710
11651
11652
23797
56637
22029
22030
22031
22033
53859
12675
19698
18034
71609
19766
16151
16150
18036
18035
18037
18033
19697
16179
22034
66513
68652
26409
26397
26399
26416
19094
29857
26415
26398
26400
26419
26420
26414
16476
11909
16453
12495
215446
72090
21939
12505
16408
15894
22352
21929
12043
17096
666513
20963
18803
234779
12478
17999
230073
15978
56480
54131
16153
15467
19106
13666
27103
16154
16155
16451
54721
20848
