mmu04024
14308
11554
13488
13492
11540
15562
15565
19217
11517
22355
22095
17200
14652
381853
236781
14309
18160
14683
109648
58991
11555
15550
15551
15552
15557
12669
243764
13489
54393
242425
11539
13617
18166
20605
20606
20609
243270
80885
233079
84112
19218
18430
208188
14677
14679
14678
432530
210044
104111
104110
224129
11512
11513
11514
11515
271639
15166
330953
12788
12789
12790
233649
333329
30952
12313
80796
12315
12314
70405
494124
108058
12325
12323
12322
12326
239273
223864
56508
20130
66922
18806
18805
74055
26419
26420
26414
109905
215449
21844
22324
22325
57257
19353
19354
170758
18479
106952
11848
67653
17356
30955
18706
18707
74769
18709
18708
320207
18710
11651
11652
23797
109880
110157
26395
26396
26413
26417
18747
18749
19049
19045
19046
19047
434233
12912
12913
26427
208647
208677
78284
231991
12914
328572
12064
14281
16476
14634
14632
19206
15245
18035
18033
19697
20682
11705
19013
80911
11430
18018
14062
12015
16890
19877
19878
17931
98932
21954
18821
20191
14810
14811
14812
14813
14814
242443
170483
14799
14800
53623
14802
12638
11928
98660
232975
27222
67821
11931
11932
11933
11936
56188
20544
109305
67972
320707
381290
11941
12288
12289
54652
12292
54611
18576
18577
18578
110385
238871
11938
