mmu04141
53421
57743
66212
20335
100046078
100043039
102637269
69276
140740
103963
20014
13135
80286
13200
16430
68292
57377
216197
81910
81500
12282
14828
67838
13418
100037258
66861
22027
14376
19089
12330
14827
12317
17155
17156
230815
227619
66890
70361
235416
50907
20224
66397
110379
69162
240667
27054
20334
99683
77371
218811
69608
66435
320011
192193
108687
66967
18453
12304
71853
67397
105245
50527
67475
216440
66753
107513
66256
67437
20832
27061
72265
67819
116891
70377
66530
386649
75744
269523
217365
22230
15481
15482
193740
15512
15511
15502
56445
81489
56812
56709
13002
66326
231098
15519
15516
15505
18415
12017
213539
66245
12954
12955
226418
18786
19359
19358
56085
244178
54609
94232
244179
59007
110616
63958
15467
19106
13666
27103
13665
18024
11911
17872
13198
12043
226641
12915
22393
56453
270669
22433
78943
22030
26408
26400
26419
26420
26414
12028
12018
12333
12334
12364
223455
56228
140499
67128
22213
74126
54197
193670
109815
20338
228684
64209
23802
56424
216080
56550
66105
73318
50873
56438
100043674
26965
21402
230904
50762
