mmu04650
15040
14964
14972
16641
16642
16643
15170
19247
15894
15896
16408
16414
16415
19229
22324
22325
57257
19353
19354
170758
18479
26395
26396
26413
26417
21926
12981
15978
22177
16818
246256
17086
14127
12503
22637
20963
16822
16797
18803
234779
24055
30955
18706
18707
74769
18709
18708
320207
18710
14360
20416
216148
20418
271849
14784
20662
20663
15461
16653
18176
11836
109880
110157
77777
19368
19369
19370
56554
379043
27007
23900
12506
18106
19057
19055
19056
19058
19059
18018
18019
18750
18751
18752
26904
20400
15979
15980
15962
15965
15967
15968
15969
15970
15972
15964
242519
230396
404549
15974
242517
15977
15975
15976
22035
21933
14103
14102
14939
18646
12367
12122
15101
16627
16634
16635
16638
16639
16640
17059
