mmu04922
11651
11652
23797
18576
14526
14527
14683
210044
18747
18749
12912
11909
11911
12913
26427
208647
208677
78284
231991
104570
245506
245509
245511
68734
56420
74343
235344
12914
328572
19017
17691
14682
18795
18797
18798
18796
16438
16439
16440
19057
19055
19056
19058
19059
108058
12325
12323
12322
56458
93759
19013
15469
14377
14378
68401
18534
74551
12894
12895
78070
14936
232493
110094
18679
102093
18682
68961
12313
80796
12315
12314
70405
494124
19309
110078
110095
18639
105787
108079
19079
108097
19082
241113
108099
107476
100705
20525
20526
103988
18648
56012
18746
18597
18598
68263
16828
16832
16833
106557
14121
18641
