mmu05032
18390
13488
432530
210044
104111
104110
224129
11512
11513
11514
11515
22348
16519
16522
16524
16521
12286
12287
14394
14395
14396
14397
110886
14399
14400
14402
14401
14405
14406
14407
14403
14404
57249
216643
14408
14409
328699
54393
242425
14677
14679
14678
14681
14688
14693
14695
14696
14697
14702
14704
14706
14707
100043507
14708
14709
14700
66066
14701
100503710
64337
14699
14710
14683
110355
320129
14772
14773
26385
109689
216869
18750
18751
18752
18747
18749
18573
18574
18575
207728
54611
18576
18577
18578
110385
238871
18583
29863
218461
18584
23984
241489
11539
