mmu04932
16193
16194
12702
21926
21937
18033
19697
16334
16333
16337
16367
384783
30955
18706
18707
74769
18709
18708
320207
18710
11651
11652
23797
606496
56637
22259
20181
20787
21428
208104
58805
18770
16846
16847
11450
72674
68465
105787
108079
19079
108097
19082
241113
108099
19013
12540
19353
26403
26419
26420
26414
16396
78943
22030
26408
16476
16175
16176
16150
22433
12606
13106
14103
21803
13666
13665
11911
13198
12125
12028
14102
12370
12122
13063
13067
12367
12369
17995
72900
78330
54405
17991
66091
17992
407790
68202
67130
66416
68375
66108
67273
70316
239760
69875
66414
67184
68198
66495
68194
100042503
100041273
66046
230075
66916
67264
66218
68342
104130
227197
226646
68349
17993
595136
407785
75406
225887
66377
68197
66945
67680
66052
66925
66694
17711
66445
22273
67003
66576
67530
22272
66152
66594
17710
17708
17709
12857
84682
12858
12859
12861
12862
110323
333182
12864
12866
12865
20463
66142
78174
12867
12868
12869
75483
