mmu04713
14810
14811
14812
14813
14814
12313
80796
12315
12314
70405
494124
108058
12325
12323
12322
18125
26413
26417
73086
12912
16438
16440
20190
20191
20192
70729
19416
14677
14679
14678
14681
14688
14693
14695
14696
14697
14702
14704
14706
14707
100043507
14708
14709
14700
66066
14701
100503710
64337
14699
14710
14799
14800
53623
14802
12291
58226
239556
11517
14683
432530
210044
104111
104110
224129
11512
11513
11514
11515
271639
18747
18749
60596
234889
239134
54195
19091
19092
12288
12289
244701
17773
14682
18795
18797
18798
18796
18750
18751
18752
16519
16521
16522
16524
18626
18627
18628
14281
