mmu04666
14129
19264
15162
17096
666513
20963
30955
18706
18707
74769
18709
18708
320207
18710
11651
11652
23797
58988
72508
18803
234779
18753
18754
110157
26395
26413
26417
17118
17357
18806
18805
19012
50784
67916
56632
20698
18750
18751
18752
17969
227753
20259
22324
22325
57257
12540
22376
73178
22323
67771
74192
68089
56378
11867
56443
76709
19353
19354
83767
242687
245880
18479
16885
16886
12631
12632
18717
18719
18720
11845
12928
12929
94176
230837
211914
13196
14130
16331
16332
14389
16797
218038
30948
17909
13430
18783
329502
53357
