mmu04110
12443
12444
12445
12567
12571
19645
19650
19651
11350
15182
433759
13555
242705
13557
104394
13559
21781
211586
56637
21803
21808
21809
17126
17127
17128
17869
22642
12578
12579
12580
12581
12576
12577
12575
12447
12448
12566
21402
26965
56438
100043674
27401
12428
12427
23834
12544
12545
27214
12534
268697
12442
209091
12531
12532
22631
54401
22630
22627
22629
22628
18817
22390
381759
268930
66671
12572
17222
99152
217232
52206
59008
69957
56317
52563
68999
66156
66440
69010
107995
30939
105988
140557
24061
13006
20843
20842
19357
22137
12235
12237
12236
17120
56150
71890
56371
218294
229776
245000
11920
22059
12649
50883
12914
328572
19090
17246
13197
17873
23882
18538
55948
12530
18392
18393
50793
26428
26429
56452
17216
17215
17217
17218
17219
17220
