mmu04014
13645
14164
14173
14174
14175
14176
14178
14179
14180
14165
14166
14167
14168
14169
80903
14171
14172
14170
80857
56636
67112
64654
14177
18048
18049
16334
16333
16000
18590
18591
54635
71785
12977
17311
22339
22340
18654
22341
14205
15234
11600
11601
11602
13636
13637
13639
13640
13638
13649
14182
14183
14184
14186
18053
16337
16001
18595
18596
12978
16590
14254
14257
16542
17295
21687
13836
14784
14388
14389
20416
216148
20418
271849
19247
20662
20663
18803
234779
19419
19395
240168
233046
22637
16797
15566
14688
14693
14695
14696
14697
14702
14704
14706
14707
100043507
14708
14709
14700
66066
14701
100503710
64337
14699
14710
18747
18749
19417
19418
14810
14811
14812
12313
80796
12315
12314
70405
494124
15461
16653
18176
17532
20130
66922
18015
218397
114713
19414
54153
240057
19415
226525
320484
56289
54354
58231
21844
19353
19354
170758
18479
224105
18481
70584
214230
241656
11848
67653
30955
18706
18707
74769
18709
18708
320207
18710
11651
11652
23797
16151
12675
16150
18033
19697
12015
12048
54601
14103
17356
56392
110157
26395
26396
26413
26417
85031
26971
18778
18781
18784
18782
26970
66350
69836
26565
18780
237625
329502
18783
211429
232889
78390
271844
53357
225845
13712
23871
23872
72399
16706
333050
217944
109905
215449
19730
19731
19732
56044
64143
26419
26420
26414
66482
56480
19696
18806
18805
19765
12540
74055
18750
18751
18752
225870
11350
11352
271457
19344
19345
11845
