mmu03010
118451
77721
121022
50529
69527
64657
67994
24030
64659
66407
66242
66258
68735
68565
66292
16898
27050
20091
20102
20103
20104
105244208
20115
20116
76846
67097
27207
20042
237433
68052
20044
20054
267019
20055
100862433
20068
20084
20085
67427
66481
66475
20088
75617
27370
67941
57294
100043813
78294
54127
20090
14109
16785
94061
27398
94062
66163
56282
78523
107732
66419
68537
68463
27395
94063
27397
67681
56284
66448
353242
216767
19935
67707
94064
68611
107734
75398
66845
94065
66223
94066
27367
66211
67891
100503670
19988
19989
27176
26961
20005
110954
19896
67025
269261
270106
22121
67115
66480
319195
19899
76808
19921
19933
19934
68028
65019
100862455
100044627
268449
68193
225215
19941
19942
26451
19943
19944
666642
102634941
19946
114641
665562
19951
68436
100043876
619547
66489
57808
54217
67281
100502825
19981
67671
67248
68172
22186
67945
19982
66483
11837
56040
67186
17724
17725
