mmu04725
12647
11423
20508
12669
12671
213788
14682
14672
18795
18797
18798
18796
16438
16439
16440
18750
18751
18752
16535
16536
110862
60613
226922
16518
16515
16520
211480
243764
12672
14677
14679
14678
14681
14688
14693
14695
14696
14697
14702
14704
14706
14707
100043507
14708
14709
14700
66066
14701
100503710
64337
14699
14710
16519
16522
15461
16653
18176
26395
26413
26417
14281
11441
11438
11444
110834
108015
11440
432530
210044
104111
104110
224129
11512
11513
11514
11515
18747
18749
12912
11911
12913
26427
208647
208677
78284
231991
108058
12325
12323
12322
12326
16452
14360
30955
18706
18707
74769
18709
18708
320207
18710
11651
11652
23797
12043
12286
12287
12288
12289
54652
12292
63993
