mmu05200
13176
12367
12371
72993
12550
12387
12386
216033
12385
12005
12006
11789
23805
56637
21414
21415
21416
16842
11799
17869
12443
22408
22413
22414
22415
22416
22417
22418
22419
22420
22421
22422
20890
22423
216795
22412
22410
22409
22411
93735
14362
14369
57265
14365
14366
14367
14370
14368
93897
14371
13544
13542
13543
14062
14065
14745
53978
65086
78134
381810
67168
11607
11608
14673
14674
69632
213498
16801
269608
11848
67653
19877
19878
20315
12767
14677
14679
14678
19216
19217
19218
19219
14683
432530
210044
104111
104110
224129
11512
11513
11514
11515
18747
18749
14688
14693
14695
14696
14697
14702
14704
14706
14707
100043507
14708
14709
14700
66066
14701
100503710
64337
14699
14710
12826
12827
12829
94216
12830
12828
16772
16773
16774
16776
16775
16777
16779
16780
226519
16782
23928
14268
16398
16399
16400
16403
16410
16412
14083
30955
18706
18707
74769
18709
18708
320207
18710
19211
18095
11651
11652
23797
12675
16150
16151
18035
18033
18034
19697
19225
18126
12043
11797
11796
11798
329581
12048
22029
22030
22031
22032
22033
22034
56717
12015
56458
17246
22059
12576
12575
110279
11350
12928
12929
12402
208650
80794
20850
20851
12061
12062
13617
13618
14682
14672
18795
18797
18798
18796
18750
18751
18752
19419
19395
240168
233046
16451
20848
20846
22339
22340
18654
22341
14205
21802
13645
13649
13866
18590
18591
18595
18596
16000
16001
17311
16590
14256
14255
15234
17295
14164
14173
14174
14175
14176
14178
14179
14180
14165
14166
14167
14168
14169
80903
14171
14172
14170
80857
56636
67112
64654
14177
14182
14183
14184
14784
20662
20663
15461
16653
18176
11836
109880
110157
26395
26396
26413
26417
16476
14281
83995
83996
17390
17395
12567
19713
76551
27057
18211
59069
108989
21787
56289
54354
58231
13143
13144
69635
18803
234779
19730
56044
64143
19765
12540
19353
19354
170758
26419
26420
26414
18510
19016
20181
20182
20183
218772
19015
16480
235320
18854
19401
12394
12395
20375
12606
12982
12986
12978
16193
12578
13555
242705
13557
17187
17344
12579
12571
54124
66197
27401
12566
12447
12448
19645
17342
21803
21808
21809
21812
21813
17126
17127
17128
14013
13016
13017
15182
433759
17350
17685
17686
17688
12028
12190
19361
14103
14102
14082
12370
12122
13063
13067
22346
67923
67673
56438
100043674
71745
112407
112406
112405
14194
15251
13819
11863
11864
12914
328572
20525
20423
19206
319757
269209
24069
14632
14633
14634
12156
12159
15245
19207
11835
15519
15516
22027
