mmu04640
17311
16196
16189
12981
14256
16191
12985
16187
16193
16156
16175
16176
21926
12977
13856
21832
12490
14255
21673
12505
16590
16184
16197
22042
12516
12481
12507
12479
12480
12504
12525
12526
12500
12501
12502
17380
12527
12478
12483
12484
12482
12902
12493
14128
12982
16188
12489
233274
16190
16194
14129
12978
16790
16409
12475
16199
16177
16178
12986
16192
13857
12491
13136
13137
12509
333883
16157
16158
100861969
100042555
100038993
16416
16399
54368
14723
14724
14729
109700
16398
16400
16401
16402
16403
12494
14969
