mmu04919
18747
18749
16410
16416
15461
16653
18176
110157
26395
26396
26413
26417
20846
22059
13982
21834
20185
20466
15182
433759
15183
21833
20181
20182
20183
14534
18519
17977
17978
17979
12914
328572
67381
329650
59024
327987
76199
26896
216154
234959
23989
68975
69790
19014
12443
14463
54720
15251
17869
18821
22417
12387
18128
18129
18131
18132
18795
18797
18798
18796
18799
72469
18802
74055
18803
234779
114875
18750
18751
18752
20544
11928
98660
232975
27222
67821
11931
11932
11933
11936
20502
72472
20779
30955
18706
18707
74769
18709
18708
320207
18710
18607
11651
11652
23797
56637
17246
22084
19744
56717
210789
18640
12015
56458
12371
53901
20525
58807
13370
13371
107585
11461
11465
11938
12159
17888
56421
