mmu05204
13076
13112
13113
13114
56388
53973
337924
100041375
19225
17960
17961
17962
13077
20887
13078
13097
13098
13099
226143
13095
226105
13096
72082
72303
69888
107141
404195
433247
13849
11863
14858
14859
14860
14862
14863
14866
14867
14870
14871
14872
14873
14864
66447
14857
14869
56615
68214
68312
14865
211666
103140
76263
54486
20859
629203
11441
12408
15483
22238
22236
94284
94215
394434
394430
394432
394433
72094
552899
71773
394435
394436
100727
231396
100559
112417
243085
13106
13088
13089
13090
13094
243881
11670
56847
67689
621603
73458
11522
11529
26876
11532
229905
70266
