mmu04211
16334
16333
16337
16000
16001
16367
384783
16369
16370
15461
16653
18176
30955
18706
18707
74769
18709
18708
320207
18710
11651
11652
23797
432530
210044
104111
104110
224129
11512
11513
11514
11515
18747
18749
12912
11909
12913
26427
208647
208677
78284
11911
231991
12915
110147
77683
56458
56484
20656
12359
11793
16591
64930
22084
19744
56717
74370
67605
22241
29869
71742
51897
12421
68118
58988
72508
13685
13684
26987
218268
11450
72674
68465
72993
55984
207565
105787
108079
19079
108097
19082
241113
108099
93759
12028
22059
18033
19697
19016
19017
20869
140742
75747
230784
12326
