mmu05145
15978
15979
15980
16451
16452
20846
12265
14960
14961
14969
14998
14999
15000
15001
15002
100504404
15944
16145
18126
12703
239081
17874
16179
266632
22034
26409
66513
68652
26413
26417
26419
26420
26414
26397
26399
26416
19094
29857
26415
12675
16150
16151
18035
18036
18033
19697
16159
16160
21926
12043
12048
11797
11796
11798
329581
17087
21898
15481
15482
193740
15512
15511
24088
16772
16773
16774
16776
16775
16777
16779
16780
226519
16782
23928
16403
16412
16835
21937
12370
12367
13063
13067
12371
14677
14679
14678
14681
30955
18706
18707
74769
18709
18708
320207
18710
18607
11651
11652
23797
12015
21947
21939
105675
12774
11689
16153
16154
16155
54721
20848
21803
21808
21809
