mmu04722
18049
12064
78405
18205
18211
18212
18213
23921
20399
16923
14784
20662
20663
15461
16653
18176
110157
109880
26395
26396
26413
26417
110651
20111
20112
67071
73086
11911
12043
77480
327826
12928
12929
107746
109905
215449
26406
23938
23939
26416
19094
29857
26415
17164
20416
216148
20418
271849
14388
18709
18708
320207
18710
30955
18706
18707
74769
11651
11652
23797
18036
18035
18037
18033
19697
56484
14103
12015
56637
18607
16367
18803
234779
18753
12313
80796
12315
12314
70405
494124
108058
12325
12323
12322
12326
11350
19247
17179
18053
11857
192662
14570
11848
67653
12540
19353
26401
26408
26400
26419
26420
26414
16476
22059
12028
22062
22034
65020
170936
72843
94275
12070
22627
192656
16179
108960
73914
266632
16150
20661
19164
19165
