mmu04728
21823
13195
110877
214084
13488
13492
68566
14682
18795
18797
18798
18796
16438
16439
16440
12313
80796
12315
12314
70405
494124
108058
12325
12323
12322
19057
19055
19056
18750
18751
18752
14281
14683
14680
224129
18747
18749
12912
11909
11911
12913
26427
208647
208677
78284
231991
12915
26416
19094
29857
26415
26419
26420
26414
19049
19045
19046
19047
434233
20265
12288
12289
12286
12287
16519
16522
16524
16521
13490
13491
14677
14679
14678
14681
14688
14693
14695
14696
14697
14702
14704
14706
14707
100043507
14708
14709
14700
66066
14701
100503710
64337
14699
14710
13489
19052
19053
51792
73699
52432
72930
269643
71978
100039815
100039830
59032
235542
19054
225849
26931
21770
26932
226849
11651
11652
23797
606496
56637
14811
14812
14799
14800
53623
14802
16572
16573
16574
12753
11865
13162
17161
109731
12846
216869
