mmu04310
53627
22408
22413
22414
22415
22416
22417
22418
22419
22420
22421
22422
20890
22423
216795
22412
22410
22409
22411
93735
12622
77583
24117
20317
74499
13380
56811
234130
20377
20319
20379
54612
14362
14369
57265
14365
14366
14367
14370
14368
93897
14371
16973
16974
68010
27373
13544
13542
13543
14296
27412
212398
12995
13000
13001
93960
72293
319478
75826
114671
231201
408192
408191
56637
12387
12005
12006
11789
23805
93687
21414
21415
21416
16842
67087
67772
20671
13016
13017
12914
328572
56505
17128
26409
18099
17869
16476
14283
12443
12444
12445
19015
17393
19164
18747
18749
22059
20437
20438
12301
21402
21372
81004
103583
12234
26965
56438
100043674
14735
93840
229658
243548
106042
16348
208846
76441
11848
67653
19878
19353
19354
170758
26419
26420
26414
18795
18797
18798
18796
108058
12325
12323
12322
19057
19055
19056
19058
19059
18750
18751
18752
18018
18019
18021
73181
17127
