mmu05152
21926
21937
71609
14082
12370
12367
12122
12028
13063
13067
12371
11783
11651
11652
23797
12015
12043
108058
12325
12323
12322
15978
15979
15980
16451
16452
20846
12265
53970
19727
170767
18044
18045
18046
12912
14960
14961
14969
14998
14999
15000
15001
15002
100504404
16149
12914
328572
16153
16154
16155
13040
56619
14127
56644
20779
20963
332579
240354
12042
257632
192656
15526
15510
16803
24088
21897
21899
21898
12475
117149
17874
266632
16179
108960
22034
18033
19697
26416
19094
29857
26415
26413
26417
26419
26420
26414
18126
16193
16159
16160
16173
83430
16175
16176
12608
12611
81897
15962
15965
15967
15968
15969
15970
15972
15964
242519
230396
404549
15974
242517
15977
170776
170779
170780
170786
69165
69142
70192
69632
11848
67653
16985
12795
16706
110157
21803
21808
21809
13115
22337
12796
12266
16411
16414
16415
16409
17533
17534
18779
56632
20698
12313
80796
12315
12314
70405
494124
225326
271457
19344
19345
216238
19349
13033
11975
21871
27060
140494
11972
242341
108664
54411
11984
114143
16783
16784
19057
19055
19056
19058
19059
12721
14129
14130
14131
246256
