mmu04350
12667
18121
17965
21825
13179
13590
320202
14313
12156
12159
12160
12161
12162
12164
12163
14563
242316
238057
11705
268977
21803
21808
21809
16323
16324
16325
16326
18119
12168
110542
21813
11480
11481
12166
12167
11477
21812
11479
269275
68010
17125
17129
55994
17126
17127
17128
17130
17131
66313
75788
218441
230597
15901
15902
15903
15904
19650
104394
13559
21781
12914
328572
20683
21815
228839
17869
12579
18741
56438
100043674
26965
21402
26413
26417
15978
21926
11848
67653
19877
51792
73699
19052
19053
58988
72508
