mmu04380
12977
12978
14784
26413
26417
30955
18706
18707
74769
18709
18708
320207
18710
11651
11652
23797
15978
15979
15980
20846
16175
16176
16177
21926
21937
21803
21808
21812
21813
21943
21934
18383
22030
22034
16818
14360
53859
12675
19698
18034
26409
66513
68652
16151
16150
18035
19697
18033
18019
18018
15977
26395
26399
26416
19094
29857
26415
26400
26419
26420
26414
14281
14282
14284
14283
16476
16478
16477
19353
13058
224480
237038
13057
17970
17969
17972
12229
21682
232790
18722
18726
18727
18729
18733
232801
14728
18724
100038909
18725
100041146
18730
14129
14130
14131
246256
83433
19261
668101
100038947
751864
320832
22177
20963
17060
16822
234779
19057
19055
19056
19058
19059
12326
12912
20375
17342
13038
11433
12311
16416
19016
15975
15976
16451
54721
20847
16391
12703
12702
14389
14200
74256
18412
