mmu05166
21803
21808
21809
20525
18186
22329
12500
12501
12502
15894
16408
16414
16415
21894
70549
17869
100683
81601
12444
71810
19384
19428
75471
103573
14990
14991
14997
15006
15007
15013
15018
15019
15039
15040
15042
15043
15051
224753
224754
224756
224761
333715
399549
15024
110557
110696
14963
14964
14972
14985
547349
15033
110558
667977
14980
69717
15015
667803
100529082
240095
630294
12317
19057
19055
19056
19058
19059
18018
18019
18021
73181
12330
16185
16186
16451
16453
20850
20851
110196
15461
16653
18176
20130
66922
17532
22333
11739
11740
73333
22334
22335
12257
234729
19385
56150
12236
12237
107995
17222
99152
217232
52206
59008
69957
56317
52563
68999
66156
66440
30939
12575
18538
18971
18972
67967
69745
18973
18974
59001
66979
12443
12445
12567
19645
13555
242705
13557
12578
12579
22408
22413
22414
22415
22416
22417
22418
22419
22420
22421
22422
20890
22423
216795
22412
22410
22409
22411
93735
14362
14369
57265
14365
14366
14367
14370
14368
93897
14371
13544
13542
13543
56637
12387
11789
23805
13383
18590
18591
18595
18596
18709
18708
320207
18710
30955
18706
18707
74769
11651
11652
23797
21926
21937
26401
26398
16476
56310
16177
16178
26406
12675
16150
16151
18035
18033
19697
17000
21939
72049
53859
19698
18034
16183
16184
16168
16169
16193
12981
16992
12048
11798
22695
18045
14960
14961
14969
14998
14999
15000
15001
15002
100504404
20807
13714
13712
20375
23871
23872
21374
237336
227606
14281
13653
13654
14283
432530
210044
104111
104110
224129
11512
11513
11514
11515
18747
18749
12912
12916
11908
11909
11910
11911
22433
382056
74343
70461
12914
328572
14534
18519
21423
18970
12580
16818
21752
17863
17864
17865
21812
21813
17126
17127
17128
11920
245000
12649
50883
22059
12028
60599
17701
17702
17703
12442
26419
