mmu04010
12286
12287
12288
12289
12290
54652
12291
58226
239556
12292
12293
56808
12294
319734
12295
12296
12297
12298
12299
12300
54376
54377
140723
54378
81904
81905
18747
18749
18750
18751
18752
14673
14701
100503710
19057
19055
19056
19058
19059
19417
19418
19419
19395
240168
233046
76089
18015
218397
114713
109905
215449
18049
12064
18205
78405
13645
14164
14173
14174
14175
14176
14178
14179
14180
14165
14166
14167
14168
14169
80903
14171
14172
14170
80857
56636
67112
64654
14177
18590
18591
18211
18212
13649
14182
14183
14184
14186
18595
18596
14784
20662
20663
15461
16653
18176
20130
66922
17532
109880
110157
17451
26395
26396
56692
26413
26417
17346
17347
110651
20111
20112
67071
11911
13712
13714
17869
20807
14281
17762
16765
329502
18783
211429
232889
78390
271844
21926
16175
16176
21803
21808
21809
21937
16177
16178
21812
21813
14103
14102
12475
19353
19354
170758
12540
12367
22030
13163
22034
13197
17873
23882
66513
68652
26940
225028
26921
26411
18479
224105
58231
56274
26412
26410
26401
26403
26405
26406
71751
26404
65964
53608
26408
26409
26407
330177
216965
381921
26398
26400
26397
26399
19099
60597
30957
192176
286940
68794
12928
12929
109689
216869
26419
26420
26414
26416
19094
29857
26415
17165
17164
102626
73086
56613
12531
18018
18021
16476
16478
11909
22059
13198
17187
17260
15507
11651
11652
23797
19042
19279
19259
320139
19252
319520
235584
18218
240672
67603
13537
70686
75590
63953
72349
19060
19043
15481
15482
193740
15512
15511
14013
23938
23939
15370
53859
12675
16150
16151
18099
18033
18034
19697
19698
