mmu04610
14066
14068
14058
14067
14061
58992
109821
14071
22371
14069
21824
19124
19123
14062
14064
14065
74145
14060
56373
14161
110135
99571
16621
16644
385643
12061
12062
18815
21788
11905
15160
268591
19128
18787
18788
18791
18792
18793
20700
20701
20702
20703
20704
18816
232345
14962
11537
12266
15139
12274
109828
230558
110382
69379
12279
12259
12260
12262
50909
317677
50908
17194
17195
17174
17175
12263
12268
12267
278180
12902
16409
16414
16415
16411
12273
12628
12630
12258
13136
13137
17221
12269
22789
12509
333883
12759
22370
