mmu03013
67724
227522
66161
117109
102614
69961
74097
67053
54364
67676
208366
68626
114615
70047
19384
19428
75471
73192
72322
13628
13627
103573
56698
433702
68092
12729
27374
116940
16211
66069
97112
78428
108989
18141
218210
75826
114671
231201
408192
408191
269966
66679
110379
72124
234865
103468
69736
59015
445007
69912
18226
71844
269113
71805
70699
227699
170762
69482
54563
77595
72787
107939
195236
227720
19069
19386
19387
22196
170930
20610
22218
223921
231042
20595
66603
53975
276919
216766
67242
69731
237221
20901
78655
100042807
54709
68135
53356
66085
16341
55944
56347
27979
13669
66235
13664
68969
20918
217869
13665
67204
26908
26905
209354
217715
13667
108067
224045
226982
13690
230861
208643
13684
26987
218268
13682
13681
75705
18458
93728
230721
381404
668382
67543
241989
18459
218693
13685
13688
108112
21335
20430
76884
14265
14359
23879
60365
17149
66441
192160
668137
192170
20220
100041953
18949
56215
19826
21681
56009
100043292
53817
225160
331401
107829
386612
66231
73666
51796
53319
170722
83454
245610
56488
237082
19704
326622
68134
67031
