mmu04060
14825
20310
20311
57349
17329
15945
56066
20315
55985
66102
20309
56744
57266
16963
20312
20290
20299
56221
20295
20297
20300
24047
100039053
100862177
100504346
100504239
100042493
100041593
100041504
65956
100504362
18829
20296
20293
20303
20302
20306
20304
20307
20292
56838
20301
100040048
100041579
100039863
100861978
100039939
100862247
621580
20305
20308
16193
16156
18413
16878
12803
56708
13019
12985
16846
16189
16163
16159
16160
83430
12981
16187
16191
16183
16196
16198
16168
60505
53603
13856
19109
21832
54635
71785
18590
18591
22339
22340
22341
14205
15234
13645
12977
17311
14256
15962
15965
15967
15968
15969
15970
15972
15964
242519
230396
404549
15974
242517
15977
387510
230405
15978
16153
329244
58181
93672
50929
326623
22035
21943
21944
21926
16992
16994
50930
14103
21947
21948
21949
21950
22164
240873
69583
24099
13607
21803
21808
21809
16323
16324
16325
16326
11705
12156
12162
14563
16171
56069
140806
16175
16176
16173
12765
227288
12766
12767
12145
80901
12778
23832
13051
12776
12458
12769
12773
12775
12772
12774
12768
12770
12771
12777
16194
16195
16157
16158
100861969
100042555
100038993
16880
18414
12804
12986
16847
16190
16164
16161
16162
209590
12982
12984
12983
16188
16192
16184
16185
16186
16197
16199
16169
60504
57914
13857
14600
19116
17480
18595
18596
14254
16542
14257
17295
13649
12978
16590
14255
15975
15976
15979
15980
16154
16155
237313
213208
230828
237310
242700
21933
18383
21934
85030
27279
94185
18053
21938
21937
17000
230979
14102
21939
21940
21941
21942
22163
21936
21935
57916
72049
13608
245527
29820
320100
21813
21812
11480
11481
11477
11479
110542
12168
12166
12167
16172
50905
16177
16180
16178
16182
16174
