mmu04742
20276
20277
20278
12496
83770
83771
242851
14695
64337
104110
11512
11514
18747
18749
16440
56843
110876
20269
20274
546729
231602
228139
18441
57385
12671
110326
14816
268934
112408
353148
353165
353166
353167
353325
387339
387340
387341
387342
387343
387344
387345
387346
387347
387348
387349
387351
387352
387353
387354
387355
387356
387511
387512
387513
387514
387515
387616
57252
57253
57254
574417
277899
630845
667992
18573
18574
18575
329064
244646
16529
330953
12286
12288
14394
14395
14396
14397
110886
14399
54393
242425
15550
15551
15552
15557
15561
57014
11418
