mmu00590
26971
18778
18781
18784
18782
26970
66350
69836
26565
18780
237625
329502
18783
211429
232889
78390
271844
53357
665270
225845
19224
19225
64292
96979
56351
12408
12409
109857
66469
21391
19215
54486
19223
11689
16993
72054
64385
170716
17001
14598
23887
14775
14776
14778
14780
67305
75512
69590
13106
13110
74519
13109
665095
230459
100066
242546
71519
13118
13117
13119
435802
230639
666168
100040843
277753
11684
11685
11686
11688
13088
13089
13090
13094
243881
13097
13098
13099
226143
13095
226105
13096
72082
72303
69888
107141
404195
433247
13850
11687
