mmu04062
14825
20310
330122
20311
57349
17329
15945
56066
20315
55985
66102
20309
56744
57266
16963
20312
20296
20293
20302
20303
20304
20305
20308
20306
20307
20292
24047
100039053
20297
100862177
100504346
100504239
100042493
100041593
100041504
65956
100504362
18829
20300
20301
100040048
100041579
100039863
100861978
100039939
100862247
621580
56838
20290
20299
56221
20295
541307
12765
227288
12766
12767
12145
80901
23832
13051
12776
12458
12769
12773
12775
12772
12774
12768
12770
12771
12777
16452
16453
20846
20847
20848
20851
14677
14679
14678
432530
210044
104111
104110
224129
11512
11513
11514
11515
18747
18749
17096
666513
15162
14191
20779
20416
216148
20418
271849
14784
20662
20663
15461
16653
18176
110157
109880
26395
26413
26417
18709
18708
320207
18710
30955
18706
18707
74769
18762
11651
11652
23797
56484
12675
16150
16151
18035
18036
18033
19697
606496
56637
16428
22324
22325
57257
19353
19354
18479
12540
22376
73178
11848
67653
19877
19878
14688
14693
14695
14696
14697
14702
14704
14706
14707
100043507
14708
14709
14700
66066
14701
100503710
64337
14699
14710
277360
140580
94176
14083
19303
12927
12928
12929
19229
18795
18797
18798
18796
19395
109905
215449
93742
21844
18751
18753
17969
24013
110355
320129
14772
14773
26385
109689
216869
