mmu05231
13645
18590
18591
54635
71785
13649
18595
18596
14784
20662
20663
15461
16653
18176
110157
26395
26396
26413
26417
19730
26419
26420
26414
329502
18783
211429
232889
78390
271844
30955
18706
18707
74769
18709
18708
320207
18710
18607
11651
11652
23797
64930
22084
19744
56717
58988
72508
13685
18717
18719
18720
22376
73178
19353
19354
170758
83767
242687
245880
20683
18806
18805
63993
100434
70129
242259
68682
213603
20517
20518
20519
20520
56517
30805
12660
12651
15251
16476
14281
13026
236899
212862
18803
19012
50784
67916
13139
110197
110524
104418
217480
56077
320127
380921
227333
331374
18750
18751
18752
18777
74182
