mmu00240
69719
56749
22247
66588
22169
54369
18103
56520
79059
171567
18102
75533
633979
71701
12495
215446
72090
76025
67464
100862375
12499
12497
16434
51797
55936
20019
20017
66136
28071
64424
20020
231329
20021
69241
66420
69833
67710
245841
69920
66491
20022
100862456
102641086
218832
70428
74414
67065
26939
20016
67005
20018
78929
67486
69870
70408
18968
18969
19075
19076
18971
18972
67967
69745
18973
18974
59001
66979
80914
22245
68556
76952
107569
70881
230718
50773
103850
68106
66763
23959
22271
76654
331487
99586
64705
103149
50493
26462
232223
20133
382985
20135
66422
110074
22171
72269
72962
18950
667034
13178
320685
57813
21877
21915
66401
