mmu04514
12481
12519
60533
12487
12524
12477
50723
54167
14960
14961
14969
14998
14999
15000
15001
15002
100504404
12504
14990
14991
14997
15006
15007
15013
15018
15019
15039
15040
15042
15043
15051
224753
224754
224756
224761
333715
399549
15024
110557
110696
14963
14964
14972
14985
547349
15033
110558
667977
14980
69717
15015
667803
100529082
240095
630294
12525
12526
58205
102657
242122
18566
21939
21947
11658
12511
52118
225825
19294
100043314
16408
16414
16415
15894
15896
12483
19264
20612
20737
58998
73934
74987
114141
12737
12738
12739
12740
12741
18417
239931
242653
53624
54419
54420
56173
56492
56863
57255
58187
60363
71908
621628
75677
100039801
18260
16456
67374
83964
69524
12562
18613
673094
16409
20345
20344
16401
16412
104099
22329
16421
17123
20343
14663
12490
20340
20339
58235
12558
17967
17968
16728
54725
320840
80883
241568
171171
192198
19268
272381
20969
15529
20970
20971
16410
320910
241226
18191
18190
18189
192167
245537
216856
94332
319504
12805
19274
21367
269116
53321
66797
17528
68481
17136
12550
13003
16403
12560
12561
12555
18007
