mmu05012
11540
14680
13489
14677
14679
14678
224129
18747
18749
13488
22202
22201
74153
22187
22195
100042355
56791
140499
56228
22213
67128
50873
20617
14763
18951
67847
22223
21823
13162
110877
214084
17716
17717
17718
17719
17720
17721
17722
17995
72900
78330
54405
17991
66091
17992
407790
68202
67130
66416
68375
66108
67273
70316
239760
69875
66414
67184
68198
66495
68194
100042503
100041273
66046
230075
66916
67264
66218
68342
104130
227197
226646
68349
17993
595136
407785
75406
225887
66377
68197
66945
67680
66052
66925
66694
17711
66445
22273
67003
66576
67530
22272
66152
66594
17710
17708
17709
12857
84682
12858
12859
12861
12862
110323
333182
12864
12866
12865
20463
66142
78174
12867
12868
12869
75483
11946
11947
11949
66043
67126
17705
11950
11951
67942
228033
71679
28080
11957
17706
66725
68943
57320
64704
22333
22334
22335
11739
11740
73333
105675
13063
13067
11783
12371
12367
