mmu04120
22202
22201
56459
50995
22200
74153
231380
22209
22210
68612
216080
56550
66105
73318
218793
22193
22194
67921
67128
22213
22214
22196
56228
140499
22195
100042355
56791
22192
93765
217342
70093
109161
76980
245350
67615
216150
77891
381534
66799
268470
53323
12211
22215
117146
100763
66313
75788
16396
107568
66894
14897
17999
83814
59026
70790
235439
15204
73998
67345
140630
63958
56424
66053
28000
140629
17246
12402
208650
80794
50873
20437
20438
18854
22034
26401
26374
68098
11797
11796
11798
329581
56469
17344
229615
59004
74126
105193
11634
17237
12189
67030
17318
69807
68729
56438
100043674
26965
21402
103583
12234
27401
50754
230904
106052
71745
67923
67673
22346
26554
50868
242521
67455
246710
69288
72584
99375
13194
107986
71991
76375
19823
75717
12703
12702
66515
231672
66156
99152
107995
56371
17222
217232
52206
59008
69957
56317
52563
68999
66440
69010
