mmu04114
16334
16333
16000
16001
18667
11835
432530
210044
104111
104110
224129
11512
11513
11514
11515
18747
18749
20878
12877
208922
231207
67579
17451
26395
26413
26417
110651
20111
20112
67071
268930
22631
54401
22630
22627
22629
22628
70891
74673
241634
330228
12534
12566
19045
19046
19047
434233
20874
18817
12532
56438
100043674
26965
21402
103583
12234
67141
17222
99152
217232
52206
59008
69957
56317
52563
68999
66156
66440
69010
107995
78803
30939
105988
56739
50878
140557
24061
13006
12235
56150
71890
12447
12448
72415
225849
26931
21770
26932
226849
51792
73699
19052
19053
114875
16438
16439
16440
12313
80796
12315
12314
70405
494124
19057
19055
19056
19058
19059
108058
12325
12323
12322
12442
268697
29857
