mmu04015
109905
215449
17532
217944
238130
14810
14811
14812
12313
80796
12315
12314
70405
494124
14062
14065
18441
14293
14745
53978
65086
78134
381810
11540
11541
14683
432530
210044
104111
104110
224129
11512
11513
11514
11515
223864
56508
14682
18795
18797
18798
18796
240168
19395
13645
14164
14173
14174
14175
14176
14178
14179
14180
14165
14166
14167
14168
14169
80903
14171
14172
14170
80857
56636
67112
64654
14177
18048
18049
16334
16333
16000
18590
18591
54635
71785
12977
17311
22339
22340
18654
22341
14205
15234
11600
11601
11602
13636
13637
13639
13640
13638
13649
14182
14183
14184
14186
18053
16337
16001
18595
18596
12978
16590
14254
14257
16542
17295
21687
13836
12928
12929
107746
12927
12550
12387
14924
50791
99470
76089
192786
16797
23880
16822
78473
18803
18750
18751
18752
18760
75292
101540
13489
12801
14677
14679
14678
14681
110351
217692
20469
244668
74206
15901
21825
19730
56044
64143
19353
19354
170758
54519
21894
70549
16399
16416
18643
18645
75477
382562
22323
11461
11465
106952
11848
67653
20779
227377
12540
21844
93742
56513
58220
93737
18762
18759
17356
12388
79264
51791
54354
16408
16409
16414
16415
16412
109880
110157
26395
26396
26413
26417
26397
26399
26416
19094
29857
26415
30955
18706
18707
74769
18709
18708
320207
18710
11651
11652
23797
74055
15461
16653
18176
20130
