mmu04740
257936
258915
258917
258918
258919
258920
258921
258922
258923
258927
258928
258929
258930
258931
258932
258933
258934
258935
258937
258938
258940
258941
258942
258943
258944
258945
258946
258947
258949
258950
258951
258952
258953
258954
258955
258956
258959
258960
258961
258962
258963
258964
258967
258968
258969
258970
258971
258972
258973
258974
258975
258976
258977
258979
258980
258982
258983
258985
258987
258989
258991
258992
258993
258995
258996
258997
258998
258999
259000
259001
259002
259003
259004
259005
259006
259007
259008
259009
259010
259011
259012
259013
259014
259015
259016
259017
259018
259019
259020
259021
259022
259023
259024
259025
259026
259027
259030
259031
259032
259033
259034
259035
259036
259037
259038
259039
259040
259041
259042
259044
259045
259046
259047
259048
259049
259050
259051
259052
259053
259054
259055
259056
258470
258471
258472
258474
258475
258477
258478
258479
258480
258482
258483
258484
258485
258486
258487
258488
258489
258490
258491
258492
258493
258494
258495
258497
258498
258499
258500
258501
258503
258504
258505
258506
258508
258511
258512
258513
258515
258516
258517
258518
258519
258520
258521
258522
258523
258524
258525
258526
258527
258528
258529
258530
258531
258532
258533
258536
258537
258538
258540
258541
258542
258543
258544
258545
258546
258547
258548
258549
258551
258552
258555
258557
258558
258559
258560
258561
258562
258563
258564
258565
258566
258568
258569
258570
258571
258572
258573
258575
258577
258579
258580
258581
258582
258583
258584
258585
258586
258587
258589
258590
258591
258592
258593
258594
258595
258597
258598
258600
258601
258603
258604
258605
258607
258608
258609
258610
258611
258612
258613
258614
258615
258616
258617
258618
258620
258621
258623
258624
258625
258626
258627
258628
258629
258630
258631
258632
258633
258634
258635
258636
258638
258639
258641
258643
258644
258647
258648
258649
258650
258652
258653
258654
258655
258656
258657
258658
258659
258660
258661
258662
258663
258665
258666
258667
258668
258669
258670
258671
258672
258673
258674
258675
258676
258677
258678
258679
258680
258682
258683
258684
258685
258686
258687
258688
258689
258690
258691
258692
258693
258694
258695
258696
258697
258698
258699
258700
258703
258705
258708
258709
258710
258776
258777
258778
258780
258781
258782
258783
258784
258785
258786
258787
258788
258789
258790
258791
258792
258793
258794
258797
258798
258799
258800
258801
258802
258803
258804
258805
258806
258807
258808
258809
258810
258811
258812
258814
258815
258816
258817
258818
258819
258820
258821
258822
258823
258824
258825
258826
258828
258829
258833
258834
258835
258836
258837
258838
258840
258841
258842
258843
258844
258845
258846
258850
258851
258852
258853
258854
258857
258859
258861
258862
258863
258865
258866
258867
258868
258871
258872
258873
258874
258875
258877
258879
258881
258882
258883
258886
258887
258888
258889
258890
258891
258892
258893
258894
258895
258897
258898
258899
258900
258901
258902
258903
258904
258905
258907
258908
258910
258912
258914
258457
258458
258459
258460
258462
258463
258464
258465
258466
258468
258469
258640
258325
18316
258939
258645
258507
258830
258831
258832
170639
18367
18366
18365
258925
258924
258913
258706
258481
18310
258990
18312
258988
258534
258702
258701
258704
258711
258712
258713
258715
258716
258717
258718
258719
258720
258721
258722
258723
258724
258725
258726
258727
258728
258729
258730
258731
258732
258733
258734
258736
258737
258738
258739
258740
258741
258742
258743
258744
258745
258746
258747
258748
258749
258750
258751
258752
258753
258754
258755
258756
258757
258758
258759
258762
258763
258764
258765
258766
258767
258768
258769
258770
258771
258772
258773
258774
258775
259124
259125
259126
259162
259165
269862
276865
277562
277935
383243
384703
404307
404309
404310
404311
404312
404313
404314
404315
404316
404317
404318
404319
404321
404322
404323
404324
404325
404327
404328
404329
404330
404331
404335
404336
404337
404339
404473
406175
406176
406186
27216
29845
29846
29849
56014
56015
56858
56860
56861
57250
57251
57269
57270
57271
57272
66786
80706
258261
258263
258264
258265
258266
258267
258268
258269
258270
258271
258272
258273
258274
258275
258276
258277
258278
258279
258280
258281
258282
258283
258284
258285
258286
258287
258288
258289
258290
258291
258292
258293
259057
259058
259061
259062
259063
259064
259066
259067
259069
259070
259071
259072
259073
259075
259078
259080
259081
259082
259083
259084
259085
259086
259087
258294
258295
258296
258297
258298
258300
258301
258302
258303
258304
258305
258306
258307
258308
258309
258311
258313
258314
258315
258316
258317
258318
258319
258320
258321
258322
258323
258324
258326
258327
258328
258329
258330
258331
258333
258334
258335
258336
258338
258339
258340
258341
258342
258343
258344
258345
258346
258347
258348
258350
258351
258352
258353
258354
258355
258356
258357
258358
258359
258360
258361
258362
258363
258364
258365
258366
258368
258369
258371
258372
258373
258374
258375
258377
258378
258379
258380
258381
258382
258383
258384
258385
258386
258387
258388
258389
258390
258391
258392
258393
258394
258395
258396
258397
258398
258399
258401
258402
258403
258404
258405
258406
258407
258408
258409
258410
258411
258412
258413
258414
258415
258416
258417
258418
258421
258422
258423
258424
258425
258426
258427
258428
258429
258430
258431
258432
258433
258434
258435
258436
258437
258438
258439
258440
258441
258442
258443
258444
258445
258446
258447
258448
258449
258450
258451
258453
258454
258455
258456
110511
117004
117005
18307
18313
18314
18315
18317
18322
18323
18329
18330
18331
18332
18341
18343
18344
18345
18346
18348
18349
18350
18352
18354
18356
18357
18359
18361
18362
18363
18368
18369
18370
18372
18373
193053
194433
211472
216783
218066
227789
228228
228443
233578
233670
235248
235256
236509
236784
236785
244187
257662
257665
257667
257890
257913
257959
258231
258232
258233
258235
258238
258241
258242
258245
258246
258247
258249
258252
258255
258257
258258
258259
259088
259089
259091
259092
259093
259095
259096
259097
259098
259099
259100
259102
259103
259104
259105
259106
259107
259108
259109
259110
259111
259112
259113
259114
259115
259116
259117
259118
259119
259122
259123
258420
257941
257950
257958
257962
258036
257974
258248
258896
404222
18328
258880
258606
258858
18324
258155
258027
258105
258039
258086
258097
257985
546747
258206
258196
258056
258025
329460
257910
258216
258016
629524
404346
257889
258067
259161
258203
257915
258218
436002
257978
259148
257917
258074
100038860
258154
257939
544748
100038859
257884
257898
258502
257883
257916
258055
100043474
257933
545985
634104
258151
258153
258158
258160
258189
258310
257951
259159
100040268
100041187
18347
257909
257919
257926
257947
546896
258228
258168
258207
258156
257932
259147
258023
258201
258222
258227
258461
258602
258622
258958
258984
259074
433031
100043200
170648
219019
257666
257881
257887
257888
257900
257902
257904
18351
258019
258120
257912
257921
257929
257979
258020
258134
258869
257956
258022
258065
258089
258103
258111
258147
258113
258117
259151
384732
433449
258136
258139
258173
258177
258198
546989
258087
258135
258069
257972
258028
545417
257872
257963
257734
258554
259163
258553
258178
257891
258098
258224
257892
546769
100042690
546770
257961
545205
257938
257886
257882
668035
257975
257905
546488
258148
258994
259068
259145
257875
257885
257906
257943
257971
257980
257996
258051
258060
258095
258101
258165
258180
258183
258215
258220
258225
258236
258299
258370
14680
14688
14708
64337
104111
12789
233649
333329
243634
14919
14918
12790
52589
19091
19092
20541
110891
110893
238384
110355
320129
109689
216869
19735
18747
18749
108058
12325
12323
12322
12313
80796
12315
12314
70405
494124
18573
18574
18575
207728
