mmu05160
16835
20778
12520
73934
74987
114141
12737
12738
12739
12740
12741
18417
239931
242653
53624
54419
54420
56173
56492
56863
57255
58187
60363
71908
621628
75677
100039801
18260
246730
246728
246727
23961
23960
24014
230073
228607
22031
56480
56489
54131
54123
15977
142980
106759
22034
19766
12675
16150
16151
18035
18033
19697
15467
19106
13666
27103
16362
13665
20848
667373
15957
16341
15962
15965
15967
15968
15969
15970
15972
15964
242519
230396
404549
15974
242517
15975
15976
16451
54721
20846
20847
16391
12702
51792
73699
52432
72930
269643
71978
19052
19053
56469
13645
13649
14784
20662
20663
15461
16653
18176
109880
110157
11836
26416
19094
29857
26415
26419
26420
26414
26413
26417
18709
18708
320207
18710
30955
18706
18707
74769
18607
11651
11652
23797
56637
12015
22059
12575
21926
21937
22030
71609
19192
20181
19013
22259
