mmu04066
16193
16194
20848
21898
15978
15979
15980
19697
18033
16334
16333
13645
16000
16337
13649
16001
13866
26395
26396
26413
26417
17346
17347
30955
18706
18707
74769
18709
18708
320207
18710
11651
11652
23797
56717
13685
13684
26987
218268
58988
72508
20104
105244208
15251
22346
56438
100043674
67923
67673
71745
112407
112406
112405
11863
12914
328572
13058
224480
237038
18803
234779
18750
18751
18752
108058
12325
12323
12322
21857
17000
13856
22041
71775
22042
22339
14254
18787
11600
11601
11602
21687
13614
18126
18127
230899
20525
228026
15277
212032
15275
216019
14433
100042025
13806
13807
13808
433182
170768
12043
12575
12576
18597
18598
68263
11674
15368
16828
18641
18655
