mmu05205
12505
20779
13043
15163
13866
14784
15461
16653
18176
20130
66922
17532
109880
110157
11836
26395
26396
26413
26417
19353
29875
12540
13712
13982
12443
11461
11465
192176
286940
68794
18479
21844
16801
11848
67653
19877
19878
11733
11735
14388
30955
18706
18707
74769
18709
18708
320207
18710
11651
11652
23797
20544
19045
19046
19047
434233
17931
329251
232807
69632
74055
16438
16439
16440
108058
12325
12323
12322
71950
13207
14000
20848
387140
22160
13345
723893
387144
15430
13179
16000
16001
56717
18607
58988
72508
75705
20104
105244208
13649
12389
12390
12391
12512
12575
12367
21803
24088
21898
18569
21926
16160
13867
13869
17869
12387
15251
83383
22339
16542
17295
12402
208650
80794
21859
21825
17390
17395
17022
14103
14102
17246
22059
21808
15442
545291
20969
18792
18793
16398
16412
22370
16410
16416
14268
16419
15234
22408
14362
14369
57265
14365
14366
14367
14370
14368
93897
14371
16402
15529
22350
19684
17698
20971
14173
14182
327826
19247
20662
20663
18803
234779
18750
18751
18752
66911
19303
14083
15200
14733
16002
14734
22413
22414
22415
22416
22417
22418
22419
22420
22421
22422
20890
22423
216795
22412
22410
22409
22411
93735
20423
16147
19206
319757
15530
13039
18747
18749
26416
19094
29857
26415
69253
15170
12842
12843
17126
22325
