mmu05016
12757
74325
67300
215114
11772
11771
71770
11773
232910
15194
73916
12370
12367
108071
14682
18795
18797
18798
18796
14810
14812
16438
13385
21817
19712
20466
217864
15182
433759
20020
231329
20021
69241
66420
69833
67710
245841
69920
66491
20022
100862456
102641086
12064
13191
69654
67665
15114
110084
381917
327954
227058
110082
330355
237806
13411
110083
13417
627872
56087
69926
240960
100101919
75563
68922
432611
105000
54152
12914
328572
72504
228980
21374
237336
227606
20683
12912
12913
26427
208647
208677
78284
231991
19017
19016
21780
18181
20655
20656
22227
22059
12028
170770
17995
72900
78330
54405
17991
66091
17992
407790
68202
67130
66416
68375
66108
67273
70316
239760
69875
66414
67184
68198
66495
68194
100042503
100041273
66046
230075
66916
67264
66218
68342
104130
227197
226646
68349
17993
595136
407785
75406
225887
66377
68197
66945
67680
66052
66925
66694
17711
66445
22273
67003
66576
67530
22272
66152
66594
17710
17708
17709
12857
84682
12858
12859
12861
12862
110323
333182
12864
12866
12865
20463
66142
78174
12867
12868
12869
75483
11946
11947
11949
66043
67126
17705
11950
11951
67942
228033
71679
28080
11957
17706
22333
22334
22335
11739
11740
73333
105675
13063
13067
11783
12371
14775
