mmu04620
21897
24088
21899
16803
12475
17087
142980
21898
53791
170743
170744
13038
81897
19353
30955
18706
18707
74769
18709
18708
320207
18710
11651
11652
23797
54473
17874
117149
14082
12370
266632
16179
22034
66513
68652
26409
16151
12675
16150
18035
18033
19697
26410
26395
26396
26413
26417
26397
26399
26398
26400
26416
19094
29857
26415
26419
26420
26414
16476
14281
21926
16176
16193
16159
16160
20304
20302
20303
225471
106759
19766
27056
54123
20750
56489
56480
22031
54131
21939
12519
12524
15962
15965
15967
15968
15969
15970
15972
15964
242519
230396
404549
15974
242517
15977
15975
15976
20846
15945
17329
56066
