mmu05168
16992
50930
230979
22029
22030
22031
22033
26419
26420
26414
16476
14281
16150
12675
16151
18035
18036
18033
19697
58235
19294
231805
19247
24088
17874
22034
66513
68652
26409
81897
142980
106759
54131
54123
230073
71586
228607
56489
56480
20296
20293
20304
21926
16176
16193
16159
16160
16168
15962
15965
15967
15968
15969
15970
15972
15964
242519
230396
404549
15974
242517
667373
15957
252870
15467
19106
13666
27103
13665
19045
19046
19047
434233
246730
246728
246727
23961
23960
24014
12266
15139
18636
21402
67615
216150
26965
27401
66656
68077
51812
20020
20815
110809
108014
20382
20383
57317
20384
67996
225027
18854
20684
12914
328572
22059
13163
12534
12566
12995
13000
13001
15161
67933
21374
237336
227606
407786
21343
225895
102162
226182
72504
228980
209361
99730
24075
80509
14886
57080
15312
21681
56009
100043292
53319
170722
83454
245610
12261
15387
14960
14961
14969
14998
14999
15000
15001
15002
100504404
16149
21354
21355
14990
14991
14997
15006
15007
15013
15018
15019
15039
15040
15042
15043
15051
224753
224754
224756
224761
333715
399549
15024
110557
110696
14963
14964
14972
14985
547349
15033
110558
667977
14980
69717
15015
667803
100529082
240095
630294
15977
15975
15976
16451
54721
20846
20847
16391
12702
15978
15979
15980
16452
14103
14102
21937
14082
12370
12367
13063
13067
11865
12753
18626
18627
18628
18988
