mmu04611
21390
14062
14065
14674
16801
69632
11848
67653
19877
19878
19045
19046
19047
434233
17931
67938
67268
18436
109305
16438
16439
16440
20866
107589
213435
228785
238564
18441
14682
18795
18797
18798
18796
18762
18759
19419
19395
109905
215449
54519
21894
70549
16399
16416
108101
14161
110135
99571
70839
14677
14679
14678
432530
210044
104111
104110
224129
11512
11513
11514
11515
19222
14683
30955
18706
18707
74769
18709
18708
320207
18710
18747
18749
22323
11461
11465
20779
232906
20963
12842
12843
12825
243816
14127
17096
666513
14360
16398
16412
16822
234779
12229
22371
14729
14723
14724
54368
11651
11652
23797
18127
60596
234889
239134
54195
19091
19092
26416
19094
29857
26415
26413
26417
329502
18783
211429
232889
78390
271844
19224
21391
20619
22320
