mmu03040
212880
53817
69192
64340
71713
67229
217207
193116
13204
20638
20641
107686
67332
20643
69878
102638183
68011
20637
53607
20630
54614
56194
67039
13207
56070
68981
20639
67465
20222
75062
81898
319322
101943
107701
66125
66055
68479
72047
108121
233073
22185
67959
76479
76938
27967
67958
55934
27756
67678
50783
66373
78651
66094
76522
70767
70052
66101
68988
20826
100862468
66618
28035
20227
66492
230596
66921
20624
320632
68879
192159
66585
74351
27366
28000
71702
68183
53317
66070
66642
15481
15482
193740
15512
15511
54633
60321
66354
67439
68592
66877
57905
68816
56031
72654
66810
11834
56215
668137
192170
60365
17149
66441
225160
331401
73666
21681
56009
100043292
433702
68092
15382
229279
545091
15381
19655
19656
76572
15387
76936
51810
23983
110809
108014
20382
20383
57317
20384
67996
225027
101214
20462
14105
