mmu04915
13982
13983
15519
15516
22027
14228
14229
15481
15482
193740
15512
15511
14281
16476
20683
76854
14683
20779
17390
17395
15200
432530
210044
104111
104110
224129
11512
11513
11514
11515
18747
18749
12912
11909
11911
12913
26427
208647
208677
78284
231991
12915
13649
20416
216148
20418
271849
14784
20662
20663
15461
16653
18176
110157
26395
26396
26413
26417
30955
18706
18707
74769
18709
18708
320207
18710
11651
11652
23797
54393
242425
14677
14679
14678
14681
16519
16522
16524
16521
18390
18753
14682
18795
18797
18798
18796
16438
16439
16440
12313
80796
12315
12314
70405
494124
18127
14816
