mmu04020
20541
110891
110893
67972
320707
381290
11941
12669
12671
213788
11540
11541
11554
11555
11556
13488
13492
15466
15562
15563
15564
15565
15566
14683
14680
432530
210044
104111
104110
11513
11514
11515
18747
18749
18821
11937
11938
53313
20866
116873
109305
269717
269999
12288
12289
54652
12292
12286
12287
12290
12291
58226
239556
11441
18436
231602
228139
18438
94045
18439
18440
14810
14811
14813
14814
20190
20191
20192
58861
70086
243764
11549
11548
11550
11607
11608
13617
13618
14062
14816
108071
14829
15465
15558
15559
15560
16867
18216
18430
54140
26361
57260
19204
19216
19218
19220
12061
12062
21336
21337
21338
21390
22045
170732
12425
12426
13649
13866
13867
13869
18595
18596
14682
14672
14675
14676
18799
72469
18802
18795
18797
18798
18796
18803
234779
74055
114875
16438
16439
16440
12494
56632
20698
22333
22334
22335
11739
11740
73333
105675
21924
21925
12313
80796
12315
12314
70405
494124
18682
68961
110094
18679
102093
107589
213435
228785
238564
108058
12325
12323
12322
12326
19057
19055
19056
19058
19059
18125
18126
18127
18573
18574
18575
19229
320404
228550
233011
18750
18751
18752
