mmu05206
723905
387135
723891
751527
387195
387139
751549
723942
19211
723827
723828
12576
387140
21859
723965
387253
387244
387245
387247
387252
387248
387249
387251
102465198
102465309
723966
387246
16653
12571
12530
12531
12532
15364
387174
387175
387134
723949
12443
12444
12447
12448
387145
102465787
12928
12929
723959
387136
100316783
18712
17295
387222
387223
723963
387224
13435
13436
387151
723954
723817
17210
12050
387163
13649
22339
723944
387159
21808
387178
22350
387235
387236
723952
18569
387161
387187
387189
723957
12914
328572
387211
723830
100628567
723836
387228
387225
387226
387227
723964
22003
24064
12043
20724
387173
387199
387201
21417
24136
387220
387221
19143
13078
723895
387229
723892
56717
74370
13081
13866
13867
11350
22061
723900
56289
387144
15430
74747
171543
723894
70584
17395
723852
723878
751557
723926
723848
723886
723893
387216
387217
387231
11987
12450
387168
723814
16765
723909
751519
20848
17869
12367
15461
18176
387239
723896
723874
723962
387218
387219
387170
13433
723818
723955
387153
11789
23805
16367
23939
387242
387243
15387
53614
387233
723951
723950
387155
723815
387147
13557
723884
723902
723883
384783
18128
18129
18131
18132
12151
387164
17389
387176
735252
723890
723903
723819
100049549
11920
12703
12505
723826
723824
723825
192119
14365
16402
19684
11848
67653
100124432
18792
12018
22762
16416
22196
723930
21923
21960
329278
81877
387202
723870
18671
18669
723946
17250
387210
12189
723925
12575
387206
21825
140486
636931
723967
723968
387133
18033
387194
723821
16150
19225
18750
18751
18752
14784
14184
73086
22059
17246
17248
18595
18803
234779
387143
100628572
724062
110157
387190
26395
26396
20662
20663
20416
18590
387237
723953
271849
18591
18596
12578
13555
242705
723837
12125
17118
12168
723868
14056
216456
14660
93759
22415
22416
724063
723908
67849
71819
19877
18754
212980
22352
