mmu03320
12491
26457
26569
26458
26459
225579
14080
14079
14077
11770
16592
16204
12140
19013
20181
20182
20183
19015
19016
11806
11807
11814
66113
18830
56473
20249
20250
30049
329065
13122
13124
22259
104086
13167
16956
14081
50790
216739
74205
433256
328845
94180
78625
108078
74147
13118
13117
13119
435802
230639
666168
100040843
277753
113868
235674
20280
80911
11430
93732
12894
12895
78070
12896
11363
11364
57875
20411
103968
11520
57435
66968
11450
83995
83996
22227
16202
18607
22190
18534
74551
14933
14626
11832
15360
17436
