mmu04912
14714
14715
14683
432530
210044
104111
104110
224129
11512
11513
11514
11515
18747
18749
11911
14682
14672
18795
18797
18798
18796
16438
16439
16440
12313
80796
12315
12314
70405
494124
108058
12325
12323
12322
18750
18751
18753
12288
12289
54652
12292
26401
26405
26406
26407
26397
26399
26416
19094
29857
26415
23939
329502
18783
211429
232889
78390
271844
18806
18805
20779
12540
26398
26400
26419
26420
26414
16476
16866
12640
14308
19229
17390
17387
15200
13649
14784
20662
20663
15461
16653
18176
110157
26395
26396
26413
26417
13712
