mmu04972
12671
12425
14682
18795
18797
18798
18796
18750
18751
18752
19340
17274
53869
80718
109905
215449
11848
67653
19353
436522
22072
67373
103964
100040233
22074
73626
109660
13706
67868
109697
232680
12873
76703
56373
69060
18946
18947
12613
26971
18778
18781
18784
18782
26970
66350
69836
26565
18780
237625
16438
16439
16440
20191
12494
12182
233979
11937
11938
53313
23844
229933
99663
99709
12722
229927
80797
22063
20496
11928
98660
232975
27222
67821
11931
11932
11933
11936
16535
16531
67972
320707
381290
11941
20544
20535
319229
14683
432530
210044
104111
104110
224129
11512
11513
11514
11515
12638
13487
54403
12349
100043684
545562
66473
