mmu05010
11487
11491
11820
234664
11785
14433
100042025
23821
56175
66340
19164
19165
59287
226548
68318
208117
15925
17380
17995
72900
78330
54405
17991
66091
17992
407790
68202
67130
66416
68375
66108
67273
70316
239760
69875
66414
67184
68198
66495
68194
100042503
100041273
66046
230075
66916
67264
66218
68342
104130
227197
226646
68349
17993
595136
407785
75406
225887
66377
68197
66945
67680
66052
66925
66694
17711
66445
22273
67003
66576
67530
22272
66152
66594
17710
17708
17709
12857
84682
12858
12859
12861
12862
110323
333182
12864
12866
12865
20463
66142
78174
12867
12868
12869
75483
11946
11947
11949
66043
67126
17705
11950
11951
67942
228033
71679
28080
11957
17706
15108
16956
11816
16971
14102
21937
14082
12370
12122
12313
80796
12315
12314
70405
494124
19057
19055
19056
19058
19059
12015
13063
13067
11783
12371
12367
14682
18795
18797
18798
18796
14810
14811
14812
14813
14814
12288
12289
54652
12292
26413
26417
20192
16438
16439
16440
11937
11938
53313
226641
78943
13666
12364
18125
12333
12334
12569
12568
17762
56637
12369
20617
21926
16176
