mmu04612
15978
21926
19186
19188
621823
19192
15481
15482
193740
15512
15511
15525
15519
15516
14990
14991
14997
15006
15007
15013
15018
15019
15039
15040
15042
15043
15051
224753
224754
224756
224761
333715
399549
15024
110557
110696
14963
14964
14972
14985
547349
15033
110558
667977
14980
69717
15015
667803
100529082
240095
630294
12330
12010
14827
12317
21356
21354
21355
12525
12526
245616
245615
16641
16642
58179
16643
65972
19141
13030
14960
14961
14969
14998
14999
15000
15001
15002
100504404
16149
13039
13040
12504
12265
53970
19727
170767
12912
18044
18045
18046
14828
