mmu04510
12842
12843
12824
12826
12827
12829
94216
12830
12828
12834
12833
245026
12835
68553
665033
12839
12840
12841
16772
16773
16774
16776
16775
16777
16779
16780
226519
16782
23928
12643
19699
21825
12845
21826
21827
21828
14268
20750
22370
21923
21960
329278
81877
22371
15891
109700
16398
16399
16400
16401
16402
16403
16404
241226
104099
213119
319480
16410
16412
16416
192897
16419
16420
16421
320910
18590
18591
54635
71785
13645
16000
22339
22340
18654
22341
14205
15234
18595
18596
16001
16542
13649
14254
14257
17295
13866
20779
232906
11855
11848
67653
13367
19877
19878
17906
17898
98932
59310
67938
67268
17907
19045
19046
19047
434233
17931
329251
232807
107589
213435
228785
238564
11461
11465
19417
12334
11472
11474
60595
109711
21894
70549
192176
286940
68794
19303
16202
22793
22323
22330
170736
57342
64099
18607
11651
11652
23797
56637
12387
18750
18751
18752
14083
30955
18706
18707
74769
18709
18708
320207
18710
19211
22324
22325
57257
19353
19354
170758
18479
224105
18481
70584
214230
241656
12540
12927
12928
12929
330662
107746
109905
215449
26419
26420
26414
16476
109880
12389
12390
12391
14360
20416
216148
20418
271849
14784
20662
20663
15461
110157
26395
26413
26417
13712
12443
12444
12445
11797
11796
11798
12015
12043
18717
