mmu04070
224020
107650
84095
67073
18717
18719
18720
320634
16330
64436
104015
20975
30955
18706
18707
74769
18709
18708
320207
18710
19211
16331
16332
269180
234515
18711
17772
53332
77116
170749
74302
219135
54384
97287
117150
18718
108083
219024
72519
225326
18704
18705
240752
18795
18797
18798
18796
18799
72469
18802
74055
18803
234779
114875
69718
320404
228550
233011
19062
170835
212111
217837
75678
27399
76500
271424
327655
227399
16329
114663
55980
242291
13139
110197
110524
104418
217480
56077
320127
380921
227333
331374
74596
110911
52858
16438
16439
16440
18750
18751
18752
12313
80796
12315
12314
70405
494124
