mmu04390
241324
170788
93742
56513
58220
93737
18762
18759
12695
56217
27494
22601
97064
12550
16475
101543
29806
18016
211652
319710
64010
56274
73246
56289
19052
19053
51792
73699
52432
72930
269643
71978
16798
50523
232157
68473
19045
19046
19047
434233
209456
16897
217325
105782
13383
13385
53310
23859
104318
27373
103583
12234
22062
170770
21676
21679
21678
21677
14219
14633
11839
11799
11576
16414
16415
14164
21803
21808
21809
21812
21813
17131
17126
17127
17128
18787
12156
12159
12160
12161
12162
12164
12163
14563
242316
238057
11705
12166
12167
12168
17125
15901
15902
22408
22413
22414
22415
22416
22417
22418
22419
22420
22421
22422
20890
22423
216795
22412
22410
22409
22411
93735
14362
14369
57265
14365
14366
14367
14370
14368
93897
14371
13544
13542
13543
22631
54401
22630
22627
22629
22628
56637
12387
11789
23805
12005
12006
21414
21415
21416
16842
17869
12443
12444
12445
20674
20583
11461
11465
12386
216033
12385
11797
93960
