mmu04727
105727
67760
216456
14660
14415
14417
22348
268860
14394
14395
14396
14397
110886
14399
14400
14402
14401
14405
14406
14407
14403
14404
57249
216643
18747
18749
20779
18750
18751
18752
15114
57436
56486
93739
18195
70827
227120
268566
14408
14409
328699
12286
12287
12288
12289
54652
12292
54393
242425
14677
14679
14678
14681
14688
14693
14695
14696
14697
14702
14704
14706
14707
100043507
14708
14709
14700
66066
14701
100503710
64337
14699
14710
432530
210044
104111
104110
224129
11512
11513
11514
11515
16522
232333
14645
76257
209837
14412
57138
