mmu04630
16183
16187
16189
16191
16193
16196
16198
16153
16156
16159
16160
16163
16168
329244
58181
93672
60505
50929
83430
239114
15962
15965
15967
15968
15969
15970
15972
15964
242519
230396
404549
15974
242517
15977
15978
230405
387510
338374
330496
18413
16878
53603
13019
12981
12803
12985
13856
14599
16846
21832
19109
16184
16185
16186
16188
16190
16192
16194
16197
16199
16154
16155
16157
16158
100861969
100042555
100038993
16161
16162
16164
16165
16169
237313
213208
60504
230828
237310
209590
50931
16195
15975
15976
15979
15980
242700
18414
16880
57914
12804
12982
12984
12983
12986
13857
14600
16847
17480
19116
16451
16452
16453
54721
20846
20847
20848
20849
20850
20851
20852
12700
12703
216233
12702
67296
56468
192157
54607
12043
17210
12048
18712
17869
12443
12444
12445
12575
213043
11761
71872
71724
14580
20844
56324
19255
15170
16391
12914
328572
56469
17344
229615
59004
14199
19247
14784
20662
20663
15461
110157
30955
18706
18707
74769
18709
18708
320207
18710
11651
11652
23797
56717
