mmu04064
16818
22637
16797
18803
18761
20963
17096
666513
17060
12229
234779
18751
108723
12042
240354
16176
16177
17874
16179
266632
22034
21926
21937
19766
71609
22030
22033
11797
11796
230073
217069
16803
12475
21898
17087
117149
225471
106759
21947
21939
22031
21943
21934
16992
16994
50930
17000
53859
26409
66513
68652
66724
24099
72049
16151
12675
16150
59004
22196
11920
57913
111173
18035
18033
19697
12633
11798
12048
12043
22029
12047
12044
12045
12046
18034
21929
19225
20303
22329
18792
12995
13000
13001
19698
24047
100039053
100862177
100504346
100504239
100042493
100041593
100041504
65956
100504362
18829
20315
15894
11545
17873
20310
