mmu00230
74167
66358
53893
72157
66681
19139
110639
328099
75456
231327
14450
237823
67054
11564
108147
11821
76952
107569
70881
230718
50773
103850
68106
66763
23959
18950
667034
15452
23917
23918
54369
18103
56520
79059
171567
18102
75533
633979
12495
215446
72090
76025
67464
100862375
12499
12497
75686
73532
16434
22436
66401
229363
66355
105446
14544
14923
18746
18770
20133
382985
20135
27369
20019
20017
66136
28071
64424
20020
231329
20021
69241
66420
69833
67710
245841
69920
66491
20022
100862456
102641086
218832
70428
74414
67065
26939
20016
67005
20018
78929
67486
69870
70408
18968
18969
19075
19076
18971
18972
67967
69745
18973
18974
59001
66979
68695
229589
432530
210044
104111
104110
224129
11512
11513
11514
11515
271639
60596
234889
239134
54195
14917
14919
14918
245650
18160
230103
18573
18574
18575
207728
54611
18576
242202
225600
18587
110855
18582
18588
78600
18585
23984
241489
11565
11566
11717
109674
229665
11534
13178
11486
11637
11639
11636
229949
78801
68870
102216272
56248
12496
66566
71701
18577
18578
110385
238871
18583
29863
218461
18584
14198
224794
23972
23971
18605
209558
22262
76974
231903
94041
